1.0	0.0	4.840490797546012	53.3680981595092	480.0	1000.0	4.0	0.5	0.5	0.5
1.0	1.0	3.189873417721519	44.063291139240505	480.0	1000.0	4.0	0.5	0.5	0.5
1.0	2.0	4.285714285714286	34.15873015873016	480.0	1000.0	4.0	0.5	0.5	0.5
1.0	3.0	9.891891891891891	195.24324324324326	480.0	1000.0	4.0	0.5	0.5	0.5
1.0	4.0	10.4	251.6	480.0	1000.0	4.0	0.5	0.5	0.5
1.0	5.0	12.266666666666667	237.86666666666667	480.0	1000.0	4.0	0.5	0.5	0.5
1.0	6.0	20.0	562.5	480.0	1000.0	4.0	0.5	0.5	0.5
1.0	7.0	8.5	92.5	480.0	1000.0	4.0	0.5	0.5	0.5
1.0	8.0	10.25	132.75	480.0	1000.0	4.0	0.5	0.5	0.5
1.0	10.0	15.333333333333334	307.3333333333333	480.0	1000.0	4.0	0.5	0.5	0.5
1.0	16.0	48.0	3145.0	480.0	1000.0	4.0	0.5	0.5	0.5
1.0	20.0	68.0	5249.0	480.0	1000.0	4.0	0.5	0.5	0.5
2.0	0.0	1.2698412698412698	2.0952380952380953	480.0	1000.0	4.0	0.5	0.5	0.5
2.0	1.0	0.6666666666666666	1.3066666666666666	480.0	1000.0	4.0	0.5	0.5	0.5
2.0	2.0	0.7761194029850746	1.7014925373134329	480.0	1000.0	4.0	0.5	0.5	0.5
2.0	3.0	1.05	3.0	480.0	1000.0	4.0	0.5	0.5	0.5
2.0	4.0	1.3653846153846154	4.0576923076923075	480.0	1000.0	4.0	0.5	0.5	0.5
2.0	5.0	1.3142857142857143	3.142857142857143	480.0	1000.0	4.0	0.5	0.5	0.5
2.0	6.0	1.75	8.916666666666666	480.0	1000.0	4.0	0.5	0.5	0.5
2.0	7.0	2.6315789473684212	14.736842105263158	480.0	1000.0	4.0	0.5	0.5	0.5
2.0	8.0	2.076923076923077	10.846153846153847	480.0	1000.0	4.0	0.5	0.5	0.5
2.0	9.0	2.6666666666666665	18.333333333333332	480.0	1000.0	4.0	0.5	0.5	0.5
2.0	10.0	1.7	6.9	480.0	1000.0	4.0	0.5	0.5	0.5
2.0	11.0	2.5454545454545454	10.545454545454545	480.0	1000.0	4.0	0.5	0.5	0.5
2.0	12.0	5.666666666666667	57.0	480.0	1000.0	4.0	0.5	0.5	0.5
2.0	13.0	2.4	14.8	480.0	1000.0	4.0	0.5	0.5	0.5
2.0	14.0	1.5	2.5	480.0	1000.0	4.0	0.5	0.5	0.5
2.0	15.0	0.8333333333333334	2.1666666666666665	480.0	1000.0	4.0	0.5	0.5	0.5
2.0	16.0	3.0	15.5	480.0	1000.0	4.0	0.5	0.5	0.5
2.0	17.0	3.6666666666666665	24.333333333333332	480.0	1000.0	4.0	0.5	0.5	0.5
2.0	18.0	2.6	9.4	480.0	1000.0	4.0	0.5	0.5	0.5
2.0	19.0	5.8	63.8	480.0	1000.0	4.0	0.5	0.5	0.5
2.0	22.0	3.3333333333333335	11.333333333333334	480.0	1000.0	4.0	0.5	0.5	0.5
2.0	23.0	2.0	8.0	480.0	1000.0	4.0	0.5	0.5	0.5
2.0	24.0	2.5	12.5	480.0	1000.0	4.0	0.5	0.5	0.5
2.0	27.0	5.5	50.5	480.0	1000.0	4.0	0.5	0.5	0.5
2.0	28.0	4.666666666666667	43.333333333333336	480.0	1000.0	4.0	0.5	0.5	0.5
2.0	34.0	45.666666666666664	5181.666666666667	480.0	1000.0	4.0	0.5	0.5	0.5
1.0	0.0	4.079616036137775	45.516092603049124	5047.0	10000.0	4.0	0.5	0.5	0.5
1.0	1.0	3.259171597633136	46.97396449704142	5047.0	10000.0	4.0	0.5	0.5	0.5
1.0	2.0	5.161442006269592	69.27742946708464	5047.0	10000.0	4.0	0.5	0.5	0.5
1.0	3.0	7.647249190938512	150.8640776699029	5047.0	10000.0	4.0	0.5	0.5	0.5
1.0	4.0	9.864864864864865	239.32432432432432	5047.0	10000.0	4.0	0.5	0.5	0.5
1.0	5.0	10.844961240310077	234.36434108527132	5047.0	10000.0	4.0	0.5	0.5	0.5
1.0	6.0	11.171052631578947	263.5921052631579	5047.0	10000.0	4.0	0.5	0.5	0.5
1.0	7.0	16.535714285714285	824.8928571428571	5047.0	10000.0	4.0	0.5	0.5	0.5
1.0	8.0	15.872340425531915	355.3191489361702	5047.0	10000.0	4.0	0.5	0.5	0.5
1.0	9.0	23.956521739130434	1417.2608695652175	5047.0	10000.0	4.0	0.5	0.5	0.5
1.0	10.0	15.192307692307692	320.11538461538464	5047.0	10000.0	4.0	0.5	0.5	0.5
1.0	11.0	15.944444444444445	301.5	5047.0	10000.0	4.0	0.5	0.5	0.5
1.0	12.0	23.666666666666668	767.5714285714286	5047.0	10000.0	4.0	0.5	0.5	0.5
1.0	13.0	13.5	235.5	5047.0	10000.0	4.0	0.5	0.5	0.5
1.0	14.0	31.75	1470.75	5047.0	10000.0	4.0	0.5	0.5	0.5
1.0	15.0	35.25	2009.5833333333333	5047.0	10000.0	4.0	0.5	0.5	0.5
1.0	16.0	27.25	1320.75	5047.0	10000.0	4.0	0.5	0.5	0.5
1.0	17.0	38.44444444444444	1843.111111111111	5047.0	10000.0	4.0	0.5	0.5	0.5
1.0	18.0	27.666666666666668	899.0	5047.0	10000.0	4.0	0.5	0.5	0.5
1.0	19.0	51.55555555555556	4490.222222222223	5047.0	10000.0	4.0	0.5	0.5	0.5
1.0	20.0	25.25	879.25	5047.0	10000.0	4.0	0.5	0.5	0.5
1.0	22.0	23.0	554.0	5047.0	10000.0	4.0	0.5	0.5	0.5
1.0	25.0	44.8	2390.0	5047.0	10000.0	4.0	0.5	0.5	0.5
1.0	28.0	55.0	3026.0	5047.0	10000.0	4.0	0.5	0.5	0.5
1.0	29.0	33.0	1714.0	5047.0	10000.0	4.0	0.5	0.5	0.5
1.0	30.0	29.0	866.0	5047.0	10000.0	4.0	0.5	0.5	0.5
1.0	33.0	31.5	1048.5	5047.0	10000.0	4.0	0.5	0.5	0.5
1.0	36.0	66.5	5544.5	5047.0	10000.0	4.0	0.5	0.5	0.5
2.0	0.0	1.2389937106918238	1.9433962264150944	5047.0	10000.0	4.0	0.5	0.5	0.5
2.0	1.0	0.7516778523489933	1.7372962607861937	5047.0	10000.0	4.0	0.5	0.5	0.5
2.0	2.0	0.9817158931082982	2.7454289732770745	5047.0	10000.0	4.0	0.5	0.5	0.5
2.0	3.0	1.0303030303030303	3.4431818181818183	5047.0	10000.0	4.0	0.5	0.5	0.5
2.0	4.0	1.3925	4.7375	5047.0	10000.0	4.0	0.5	0.5	0.5
2.0	5.0	1.3566433566433567	5.125874125874126	5047.0	10000.0	4.0	0.5	0.5	0.5
2.0	6.0	1.7327586206896552	8.60344827586207	5047.0	10000.0	4.0	0.5	0.5	0.5
2.0	7.0	1.9303797468354431	12.930379746835444	5047.0	10000.0	4.0	0.5	0.5	0.5
2.0	8.0	2.4100719424460433	17.575539568345324	5047.0	10000.0	4.0	0.5	0.5	0.5
2.0	9.0	2.425925925925926	18.90740740740741	5047.0	10000.0	4.0	0.5	0.5	0.5
2.0	10.0	1.8369565217391304	7.554347826086956	5047.0	10000.0	4.0	0.5	0.5	0.5
2.0	11.0	2.6375	19.1625	5047.0	10000.0	4.0	0.5	0.5	0.5
2.0	12.0	3.5774647887323945	24.535211267605632	5047.0	10000.0	4.0	0.5	0.5	0.5
2.0	13.0	3.7413793103448274	28.189655172413794	5047.0	10000.0	4.0	0.5	0.5	0.5
2.0	14.0	4.037037037037037	39.48148148148148	5047.0	10000.0	4.0	0.5	0.5	0.5
2.0	15.0	4.787878787878788	44.06060606060606	5047.0	10000.0	4.0	0.5	0.5	0.5
2.0	16.0	3.75	25.1	5047.0	10000.0	4.0	0.5	0.5	0.5
2.0	17.0	3.7567567567567566	26.45945945945946	5047.0	10000.0	4.0	0.5	0.5	0.5
2.0	18.0	4.484848484848484	42.90909090909091	5047.0	10000.0	4.0	0.5	0.5	0.5
2.0	19.0	5.157894736842105	45.78947368421053	5047.0	10000.0	4.0	0.5	0.5	0.5
2.0	20.0	5.407407407407407	52.81481481481482	5047.0	10000.0	4.0	0.5	0.5	0.5
2.0	21.0	2.8947368421052633	21.842105263157894	5047.0	10000.0	4.0	0.5	0.5	0.5
2.0	22.0	2.9615384615384617	20.884615384615383	5047.0	10000.0	4.0	0.5	0.5	0.5
2.0	23.0	6.266666666666667	89.33333333333333	5047.0	10000.0	4.0	0.5	0.5	0.5
2.0	24.0	9.23076923076923	187.69230769230768	5047.0	10000.0	4.0	0.5	0.5	0.5
2.0	25.0	6.470588235294118	69.05882352941177	5047.0	10000.0	4.0	0.5	0.5	0.5
2.0	26.0	7.125	91.125	5047.0	10000.0	4.0	0.5	0.5	0.5
2.0	27.0	6.125	68.375	5047.0	10000.0	4.0	0.5	0.5	0.5
2.0	28.0	5.4	68.8	5047.0	10000.0	4.0	0.5	0.5	0.5
2.0	29.0	5.75	56.25	5047.0	10000.0	4.0	0.5	0.5	0.5
2.0	30.0	5.75	77.0	5047.0	10000.0	4.0	0.5	0.5	0.5
2.0	31.0	4.222222222222222	28.22222222222222	5047.0	10000.0	4.0	0.5	0.5	0.5
2.0	32.0	10.6	236.2	5047.0	10000.0	4.0	0.5	0.5	0.5
2.0	33.0	13.2	310.8	5047.0	10000.0	4.0	0.5	0.5	0.5
2.0	34.0	11.333333333333334	233.66666666666666	5047.0	10000.0	4.0	0.5	0.5	0.5
2.0	35.0	3.625	32.875	5047.0	10000.0	4.0	0.5	0.5	0.5
2.0	36.0	22.0	925.0	5047.0	10000.0	4.0	0.5	0.5	0.5
2.0	37.0	7.333333333333333	70.66666666666667	5047.0	10000.0	4.0	0.5	0.5	0.5
2.0	38.0	9.0	127.33333333333333	5047.0	10000.0	4.0	0.5	0.5	0.5
2.0	39.0	12.666666666666666	256.0	5047.0	10000.0	4.0	0.5	0.5	0.5
2.0	40.0	5.0	27.0	5047.0	10000.0	4.0	0.5	0.5	0.5
2.0	41.0	7.0	82.5	5047.0	10000.0	4.0	0.5	0.5	0.5
2.0	42.0	8.0	80.0	5047.0	10000.0	4.0	0.5	0.5	0.5
2.0	43.0	8.666666666666666	113.33333333333333	5047.0	10000.0	4.0	0.5	0.5	0.5
2.0	44.0	12.5	186.5	5047.0	10000.0	4.0	0.5	0.5	0.5
2.0	45.0	9.666666666666666	116.33333333333333	5047.0	10000.0	4.0	0.5	0.5	0.5
2.0	46.0	11.25	160.25	5047.0	10000.0	4.0	0.5	0.5	0.5
2.0	47.0	34.0	1568.6666666666667	5047.0	10000.0	4.0	0.5	0.5	0.5
2.0	49.0	2.0	8.666666666666666	5047.0	10000.0	4.0	0.5	0.5	0.5
2.0	50.0	20.0	616.6666666666666	5047.0	10000.0	4.0	0.5	0.5	0.5
2.0	54.0	18.0	374.6666666666667	5047.0	10000.0	4.0	0.5	0.5	0.5
2.0	55.0	8.4	112.0	5047.0	10000.0	4.0	0.5	0.5	0.5
2.0	56.0	11.0	265.6666666666667	5047.0	10000.0	4.0	0.5	0.5	0.5
2.0	57.0	14.5	210.5	5047.0	10000.0	4.0	0.5	0.5	0.5
2.0	61.0	4.75	27.75	5047.0	10000.0	4.0	0.5	0.5	0.5
2.0	68.0	10.0	136.0	5047.0	10000.0	4.0	0.5	0.5	0.5
2.0	69.0	19.5	410.5	5047.0	10000.0	4.0	0.5	0.5	0.5
2.0	72.0	21.0	477.0	5047.0	10000.0	4.0	0.5	0.5	0.5
2.0	80.0	2.0	8.0	5047.0	10000.0	4.0	0.5	0.5	0.5
2.0	84.0	9.0	145.0	5047.0	10000.0	4.0	0.5	0.5	0.5
2.0	111.0	64.5	4166.5	5047.0	10000.0	4.0	0.5	0.5	0.5
1.0	0.0	4.170622966622485	47.26810459091457	50117.0	100000.0	4.0	0.5	0.5	0.5
1.0	1.0	3.2195789223266327	41.27310574521232	50117.0	100000.0	4.0	0.5	0.5	0.5
1.0	2.0	5.328827505142521	73.40405524537174	50117.0	100000.0	4.0	0.5	0.5	0.5
1.0	3.0	7.361162079510703	148.81498470948011	50117.0	100000.0	4.0	0.5	0.5	0.5
1.0	4.0	9.028042328042329	178.3190476190476	50117.0	100000.0	4.0	0.5	0.5	0.5
1.0	5.0	11.495874587458745	355.00412541254127	50117.0	100000.0	4.0	0.5	0.5	0.5
1.0	6.0	13.138922155688622	360.9712574850299	50117.0	100000.0	4.0	0.5	0.5	0.5
1.0	7.0	14.009345794392523	407.49345794392525	50117.0	100000.0	4.0	0.5	0.5	0.5
1.0	8.0	16.550761421319798	523.8959390862944	50117.0	100000.0	4.0	0.5	0.5	0.5
1.0	9.0	19.76173285198556	1010.1588447653429	50117.0	100000.0	4.0	0.5	0.5	0.5
1.0	10.0	19.14468085106383	747.9446808510638	50117.0	100000.0	4.0	0.5	0.5	0.5
1.0	11.0	19.796703296703296	643.3791208791209	50117.0	100000.0	4.0	0.5	0.5	0.5
1.0	12.0	24.984615384615385	1083.4615384615386	50117.0	100000.0	4.0	0.5	0.5	0.5
1.0	13.0	23.721311475409838	955.1803278688525	50117.0	100000.0	4.0	0.5	0.5	0.5
1.0	14.0	32.819047619047616	2214.7619047619046	50117.0	100000.0	4.0	0.5	0.5	0.5
1.0	15.0	26.13157894736842	1097.3684210526317	50117.0	100000.0	4.0	0.5	0.5	0.5
1.0	16.0	38.76923076923077	2502.6769230769232	50117.0	100000.0	4.0	0.5	0.5	0.5
1.0	17.0	31.90740740740741	1835.9814814814815	50117.0	100000.0	4.0	0.5	0.5	0.5
1.0	18.0	39.375	4393.017857142857	50117.0	100000.0	4.0	0.5	0.5	0.5
1.0	19.0	35.702127659574465	2083.31914893617	50117.0	100000.0	4.0	0.5	0.5	0.5
1.0	20.0	39.55882352941177	4198.5	50117.0	100000.0	4.0	0.5	0.5	0.5
1.0	21.0	36.46666666666667	1829.8	50117.0	100000.0	4.0	0.5	0.5	0.5
1.0	22.0	42.523809523809526	2685.4761904761904	50117.0	100000.0	4.0	0.5	0.5	0.5
1.0	23.0	32.172413793103445	1509.344827586207	50117.0	100000.0	4.0	0.5	0.5	0.5
1.0	24.0	36.77272727272727	1778.2272727272727	50117.0	100000.0	4.0	0.5	0.5	0.5
1.0	25.0	38.22222222222222	1888.7777777777778	50117.0	100000.0	4.0	0.5	0.5	0.5
1.0	26.0	40.8	2148.6666666666665	50117.0	100000.0	4.0	0.5	0.5	0.5
1.0	27.0	64.0	11873.882352941177	50117.0	100000.0	4.0	0.5	0.5	0.5
1.0	28.0	46.73684210526316	3542.9473684210525	50117.0	100000.0	4.0	0.5	0.5	0.5
1.0	29.0	38.416666666666664	2022.0833333333333	50117.0	100000.0	4.0	0.5	0.5	0.5
1.0	30.0	45.3125	2822.9375	50117.0	100000.0	4.0	0.5	0.5	0.5
1.0	31.0	44.36363636363637	2461.6363636363635	50117.0	100000.0	4.0	0.5	0.5	0.5
1.0	32.0	41.083333333333336	2298.75	50117.0	100000.0	4.0	0.5	0.5	0.5
1.0	33.0	67.71428571428571	5493.142857142857	50117.0	100000.0	4.0	0.5	0.5	0.5
1.0	34.0	79.25	8215.25	50117.0	100000.0	4.0	0.5	0.5	0.5
1.0	35.0	60.333333333333336	4127.666666666667	50117.0	100000.0	4.0	0.5	0.5	0.5
1.0	36.0	39.4	1745.4	50117.0	100000.0	4.0	0.5	0.5	0.5
1.0	37.0	65.71428571428571	6940.285714285715	50117.0	100000.0	4.0	0.5	0.5	0.5
1.0	38.0	87.66666666666667	9563.666666666666	50117.0	100000.0	4.0	0.5	0.5	0.5
1.0	39.0	79.8	7930.2	50117.0	100000.0	4.0	0.5	0.5	0.5
1.0	40.0	72.75	6280.75	50117.0	100000.0	4.0	0.5	0.5	0.5
1.0	41.0	111.0	13765.0	50117.0	100000.0	4.0	0.5	0.5	0.5
1.0	42.0	67.0	5810.111111111111	50117.0	100000.0	4.0	0.5	0.5	0.5
1.0	43.0	68.57142857142857	6486.571428571428	50117.0	100000.0	4.0	0.5	0.5	0.5
1.0	45.0	90.3	13593.5	50117.0	100000.0	4.0	0.5	0.5	0.5
1.0	46.0	73.16666666666667	6219.833333333333	50117.0	100000.0	4.0	0.5	0.5	0.5
1.0	47.0	44.5	2036.5	50117.0	100000.0	4.0	0.5	0.5	0.5
1.0	48.0	106.5	13994.5	50117.0	100000.0	4.0	0.5	0.5	0.5
1.0	49.0	93.66666666666667	13609.666666666666	50117.0	100000.0	4.0	0.5	0.5	0.5
1.0	50.0	89.33333333333333	13905.333333333334	50117.0	100000.0	4.0	0.5	0.5	0.5
1.0	51.0	61.5	4484.5	50117.0	100000.0	4.0	0.5	0.5	0.5
1.0	52.0	52.5	2888.5	50117.0	100000.0	4.0	0.5	0.5	0.5
1.0	53.0	106.0	12461.0	50117.0	100000.0	4.0	0.5	0.5	0.5
1.0	55.0	103.5	11642.5	50117.0	100000.0	4.0	0.5	0.5	0.5
1.0	56.0	211.75	49865.25	50117.0	100000.0	4.0	0.5	0.5	0.5
1.0	57.0	35.0	1549.0	50117.0	100000.0	4.0	0.5	0.5	0.5
1.0	61.0	188.5	55554.5	50117.0	100000.0	4.0	0.5	0.5	0.5
1.0	62.0	61.0	3842.0	50117.0	100000.0	4.0	0.5	0.5	0.5
1.0	65.0	48.0	3088.0	50117.0	100000.0	4.0	0.5	0.5	0.5
1.0	73.0	174.0	30565.0	50117.0	100000.0	4.0	0.5	0.5	0.5
1.0	74.0	81.5	7148.5	50117.0	100000.0	4.0	0.5	0.5	0.5
1.0	76.0	120.5	16682.5	50117.0	100000.0	4.0	0.5	0.5	0.5
1.0	77.0	61.5	4088.5	50117.0	100000.0	4.0	0.5	0.5	0.5
1.0	96.0	121.5	15818.5	50117.0	100000.0	4.0	0.5	0.5	0.5
1.0	105.0	146.5	24542.5	50117.0	100000.0	4.0	0.5	0.5	0.5
2.0	0.0	1.2786936724760558	2.1243523316062176	50117.0	100000.0	4.0	0.5	0.5	0.5
2.0	1.0	0.7643695763144461	1.7487493619193466	50117.0	100000.0	4.0	0.5	0.5	0.5
2.0	2.0	0.9477676016027475	2.5865769891242127	50117.0	100000.0	4.0	0.5	0.5	0.5
2.0	3.0	1.1381172839506173	3.5790895061728394	50117.0	100000.0	4.0	0.5	0.5	0.5
2.0	4.0	1.362254259501966	4.902490170380078	50117.0	100000.0	4.0	0.5	0.5	0.5
2.0	5.0	1.5864406779661018	6.406101694915254	50117.0	100000.0	4.0	0.5	0.5	0.5
2.0	6.0	1.7810443176831945	8.641070645019745	50117.0	100000.0	4.0	0.5	0.5	0.5
2.0	7.0	2.0234204793028323	10.56917211328976	50117.0	100000.0	4.0	0.5	0.5	0.5
2.0	8.0	2.122047244094488	11.10498687664042	50117.0	100000.0	4.0	0.5	0.5	0.5
2.0	9.0	2.5475	16.259166666666665	50117.0	100000.0	4.0	0.5	0.5	0.5
2.0	10.0	2.7039337474120084	16.875776397515526	50117.0	100000.0	4.0	0.5	0.5	0.5
2.0	11.0	2.83855421686747	19.97590361445783	50117.0	100000.0	4.0	0.5	0.5	0.5
2.0	12.0	2.897402597402597	20.48701298701299	50117.0	100000.0	4.0	0.5	0.5	0.5
2.0	13.0	3.267272727272727	24.292727272727273	50117.0	100000.0	4.0	0.5	0.5	0.5
2.0	14.0	3.389799635701275	29.014571948998178	50117.0	100000.0	4.0	0.5	0.5	0.5
2.0	15.0	4.124711316397229	43.31177829099307	50117.0	100000.0	4.0	0.5	0.5	0.5
2.0	16.0	3.78125	29.19951923076923	50117.0	100000.0	4.0	0.5	0.5	0.5
2.0	17.0	4.454545454545454	81.95151515151515	50117.0	100000.0	4.0	0.5	0.5	0.5
2.0	18.0	4.251724137931035	47.16206896551724	50117.0	100000.0	4.0	0.5	0.5	0.5
2.0	19.0	4.550561797752809	49.0374531835206	50117.0	100000.0	4.0	0.5	0.5	0.5
2.0	20.0	5.318352059925093	72.83895131086142	50117.0	100000.0	4.0	0.5	0.5	0.5
2.0	21.0	4.791666666666667	53.699074074074076	50117.0	100000.0	4.0	0.5	0.5	0.5
2.0	22.0	5.4147727272727275	62.51704545454545	50117.0	100000.0	4.0	0.5	0.5	0.5
2.0	23.0	5.961038961038961	81.02597402597402	50117.0	100000.0	4.0	0.5	0.5	0.5
2.0	24.0	6.837209302325581	92.55813953488372	50117.0	100000.0	4.0	0.5	0.5	0.5
2.0	25.0	6.0310077519379846	78.29457364341086	50117.0	100000.0	4.0	0.5	0.5	0.5
2.0	26.0	5.546875	68.1875	50117.0	100000.0	4.0	0.5	0.5	0.5
2.0	27.0	7.79047619047619	136.89523809523808	50117.0	100000.0	4.0	0.5	0.5	0.5
2.0	28.0	5.4625	62.8875	50117.0	100000.0	4.0	0.5	0.5	0.5
2.0	29.0	7.775280898876405	122.98876404494382	50117.0	100000.0	4.0	0.5	0.5	0.5
2.0	30.0	8.353658536585366	137.8658536585366	50117.0	100000.0	4.0	0.5	0.5	0.5
2.0	31.0	9.75438596491228	251.47368421052633	50117.0	100000.0	4.0	0.5	0.5	0.5
2.0	32.0	6.267605633802817	85.84507042253522	50117.0	100000.0	4.0	0.5	0.5	0.5
2.0	33.0	7.885245901639344	185.0327868852459	50117.0	100000.0	4.0	0.5	0.5	0.5
2.0	34.0	6.830188679245283	102.83018867924528	50117.0	100000.0	4.0	0.5	0.5	0.5
2.0	35.0	8.220338983050848	172.76271186440678	50117.0	100000.0	4.0	0.5	0.5	0.5
2.0	36.0	10.422222222222222	260.77777777777777	50117.0	100000.0	4.0	0.5	0.5	0.5
2.0	37.0	8.386363636363637	164.52272727272728	50117.0	100000.0	4.0	0.5	0.5	0.5
2.0	38.0	9.478260869565217	224.7391304347826	50117.0	100000.0	4.0	0.5	0.5	0.5
2.0	39.0	10.135135135135135	206.24324324324326	50117.0	100000.0	4.0	0.5	0.5	0.5
2.0	40.0	8.25	153.9	50117.0	100000.0	4.0	0.5	0.5	0.5
2.0	41.0	14.774193548387096	434.1290322580645	50117.0	100000.0	4.0	0.5	0.5	0.5
2.0	42.0	11.5625	316.0625	50117.0	100000.0	4.0	0.5	0.5	0.5
2.0	43.0	8.586206896551724	194.3793103448276	50117.0	100000.0	4.0	0.5	0.5	0.5
2.0	44.0	13.653846153846153	458.88461538461536	50117.0	100000.0	4.0	0.5	0.5	0.5
2.0	45.0	10.68421052631579	185.73684210526315	50117.0	100000.0	4.0	0.5	0.5	0.5
2.0	46.0	14.4	342.64	50117.0	100000.0	4.0	0.5	0.5	0.5
2.0	47.0	13.333333333333334	360.44444444444446	50117.0	100000.0	4.0	0.5	0.5	0.5
2.0	48.0	12.35	237.25	50117.0	100000.0	4.0	0.5	0.5	0.5
2.0	49.0	11.666666666666666	233.55555555555554	50117.0	100000.0	4.0	0.5	0.5	0.5
2.0	50.0	13.91304347826087	391.04347826086956	50117.0	100000.0	4.0	0.5	0.5	0.5
2.0	51.0	13.344827586206897	347.62068965517244	50117.0	100000.0	4.0	0.5	0.5	0.5
2.0	52.0	18.583333333333332	654.9166666666666	50117.0	100000.0	4.0	0.5	0.5	0.5
2.0	53.0	13.75	381.15	50117.0	100000.0	4.0	0.5	0.5	0.5
2.0	54.0	13.916666666666666	350.4166666666667	50117.0	100000.0	4.0	0.5	0.5	0.5
2.0	55.0	12.181818181818182	303.6363636363636	50117.0	100000.0	4.0	0.5	0.5	0.5
2.0	56.0	12.166666666666666	292.5	50117.0	100000.0	4.0	0.5	0.5	0.5
2.0	57.0	13.307692307692308	299.46153846153845	50117.0	100000.0	4.0	0.5	0.5	0.5
2.0	58.0	6.777777777777778	85.66666666666667	50117.0	100000.0	4.0	0.5	0.5	0.5
2.0	59.0	15.666666666666666	601.8333333333334	50117.0	100000.0	4.0	0.5	0.5	0.5
2.0	60.0	13.666666666666666	327.93333333333334	50117.0	100000.0	4.0	0.5	0.5	0.5
2.0	61.0	19.625	680.75	50117.0	100000.0	4.0	0.5	0.5	0.5
2.0	62.0	8.8	159.6	50117.0	100000.0	4.0	0.5	0.5	0.5
2.0	63.0	22.8	1227.0	50117.0	100000.0	4.0	0.5	0.5	0.5
2.0	64.0	19.8	646.0	50117.0	100000.0	4.0	0.5	0.5	0.5
2.0	65.0	16.666666666666668	550.6666666666666	50117.0	100000.0	4.0	0.5	0.5	0.5
2.0	66.0	18.5	639.6666666666666	50117.0	100000.0	4.0	0.5	0.5	0.5
2.0	67.0	15.857142857142858	493.57142857142856	50117.0	100000.0	4.0	0.5	0.5	0.5
2.0	68.0	21.666666666666668	767.0	50117.0	100000.0	4.0	0.5	0.5	0.5
2.0	69.0	16.8	548.0	50117.0	100000.0	4.0	0.5	0.5	0.5
2.0	70.0	15.0	445.85714285714283	50117.0	100000.0	4.0	0.5	0.5	0.5
2.0	71.0	15.428571428571429	519.1428571428571	50117.0	100000.0	4.0	0.5	0.5	0.5
2.0	72.0	20.142857142857142	774.1428571428571	50117.0	100000.0	4.0	0.5	0.5	0.5
2.0	73.0	30.25	1152.25	50117.0	100000.0	4.0	0.5	0.5	0.5
2.0	74.0	25.0	1555.5	50117.0	100000.0	4.0	0.5	0.5	0.5
2.0	75.0	37.0	1716.5	50117.0	100000.0	4.0	0.5	0.5	0.5
2.0	76.0	27.333333333333332	1458.0	50117.0	100000.0	4.0	0.5	0.5	0.5
2.0	77.0	11.142857142857142	168.57142857142858	50117.0	100000.0	4.0	0.5	0.5	0.5
2.0	78.0	11.5	181.5	50117.0	100000.0	4.0	0.5	0.5	0.5
2.0	79.0	23.0	1509.0	50117.0	100000.0	4.0	0.5	0.5	0.5
2.0	80.0	30.0	3652.8888888888887	50117.0	100000.0	4.0	0.5	0.5	0.5
2.0	81.0	40.5	2117.0	50117.0	100000.0	4.0	0.5	0.5	0.5
2.0	82.0	11.11111111111111	271.77777777777777	50117.0	100000.0	4.0	0.5	0.5	0.5
2.0	83.0	20.333333333333332	481.6666666666667	50117.0	100000.0	4.0	0.5	0.5	0.5
2.0	84.0	18.0	496.6666666666667	50117.0	100000.0	4.0	0.5	0.5	0.5
2.0	85.0	7.25	64.75	50117.0	100000.0	4.0	0.5	0.5	0.5
2.0	86.0	25.0	889.5	50117.0	100000.0	4.0	0.5	0.5	0.5
2.0	87.0	9.75	116.25	50117.0	100000.0	4.0	0.5	0.5	0.5
2.0	88.0	33.0	1253.0	50117.0	100000.0	4.0	0.5	0.5	0.5
2.0	89.0	24.2	1882.2	50117.0	100000.0	4.0	0.5	0.5	0.5
2.0	91.0	39.5	3178.5	50117.0	100000.0	4.0	0.5	0.5	0.5
2.0	92.0	12.333333333333334	196.33333333333334	50117.0	100000.0	4.0	0.5	0.5	0.5
2.0	95.0	23.25	633.25	50117.0	100000.0	4.0	0.5	0.5	0.5
2.0	96.0	25.0	912.2	50117.0	100000.0	4.0	0.5	0.5	0.5
2.0	98.0	61.0	6122.0	50117.0	100000.0	4.0	0.5	0.5	0.5
2.0	99.0	15.5	330.5	50117.0	100000.0	4.0	0.5	0.5	0.5
2.0	102.0	23.333333333333332	802.0	50117.0	100000.0	4.0	0.5	0.5	0.5
2.0	103.0	22.666666666666668	528.6666666666666	50117.0	100000.0	4.0	0.5	0.5	0.5
2.0	104.0	29.0	1855.0	50117.0	100000.0	4.0	0.5	0.5	0.5
2.0	105.0	26.333333333333332	886.3333333333334	50117.0	100000.0	4.0	0.5	0.5	0.5
2.0	106.0	22.0	676.5	50117.0	100000.0	4.0	0.5	0.5	0.5
2.0	107.0	7.0	53.0	50117.0	100000.0	4.0	0.5	0.5	0.5
2.0	111.0	45.666666666666664	3326.3333333333335	50117.0	100000.0	4.0	0.5	0.5	0.5
2.0	115.0	28.5	944.5	50117.0	100000.0	4.0	0.5	0.5	0.5
2.0	117.0	137.5	21162.5	50117.0	100000.0	4.0	0.5	0.5	0.5
2.0	119.0	20.0	569.0	50117.0	100000.0	4.0	0.5	0.5	0.5
2.0	121.0	18.5	611.0	50117.0	100000.0	4.0	0.5	0.5	0.5
2.0	124.0	23.0	1101.6666666666667	50117.0	100000.0	4.0	0.5	0.5	0.5
2.0	132.0	24.0	680.0	50117.0	100000.0	4.0	0.5	0.5	0.5
2.0	133.0	20.666666666666668	860.0	50117.0	100000.0	4.0	0.5	0.5	0.5
2.0	134.0	46.5	2234.5	50117.0	100000.0	4.0	0.5	0.5	0.5
2.0	138.0	21.0	882.0	50117.0	100000.0	4.0	0.5	0.5	0.5
2.0	140.0	17.333333333333332	317.3333333333333	50117.0	100000.0	4.0	0.5	0.5	0.5
2.0	141.0	27.0	1405.0	50117.0	100000.0	4.0	0.5	0.5	0.5
2.0	155.0	56.0	4580.0	50117.0	100000.0	4.0	0.5	0.5	0.5
2.0	157.0	50.5	3056.5	50117.0	100000.0	4.0	0.5	0.5	0.5
2.0	162.0	25.0	949.0	50117.0	100000.0	4.0	0.5	0.5	0.5
2.0	167.0	79.5	6332.5	50117.0	100000.0	4.0	0.5	0.5	0.5
2.0	176.0	41.0	1697.0	50117.0	100000.0	4.0	0.5	0.5	0.5
2.0	191.0	92.5	8936.5	50117.0	100000.0	4.0	0.5	0.5	0.5
2.0	277.0	11.5	204.5	50117.0	100000.0	4.0	0.5	0.5	0.5
1.0	0.0	4.144721497529365	46.71556439881217	499619.0	1.0e6	4.0	0.5	0.5	0.5
1.0	1.0	3.223664677280732	41.15469128456633	499619.0	1.0e6	4.0	0.5	0.5	0.5
1.0	2.0	5.250255546870302	76.67187781853166	499619.0	1.0e6	4.0	0.5	0.5	0.5
1.0	3.0	7.244658979172254	127.19412413217722	499619.0	1.0e6	4.0	0.5	0.5	0.5
1.0	4.0	9.411820231789816	208.8221721118045	499619.0	1.0e6	4.0	0.5	0.5	0.5
1.0	5.0	11.443772570756698	322.0753338372386	499619.0	1.0e6	4.0	0.5	0.5	0.5
1.0	6.0	12.948798591017738	350.6780727135489	499619.0	1.0e6	4.0	0.5	0.5	0.5
1.0	7.0	15.207848837209303	493.2688953488372	499619.0	1.0e6	4.0	0.5	0.5	0.5
1.0	8.0	16.525797936165105	541.4290856731461	499619.0	1.0e6	4.0	0.5	0.5	0.5
1.0	9.0	18.78771131339402	722.2610533159948	499619.0	1.0e6	4.0	0.5	0.5	0.5
1.0	10.0	19.873390557939913	962.6948497854078	499619.0	1.0e6	4.0	0.5	0.5	0.5
1.0	11.0	22.22642543859649	1176.2264254385964	499619.0	1.0e6	4.0	0.5	0.5	0.5
1.0	12.0	22.69582504970179	954.6003976143141	499619.0	1.0e6	4.0	0.5	0.5	0.5
1.0	13.0	25.604669887278583	1200.7528180354268	499619.0	1.0e6	4.0	0.5	0.5	0.5
1.0	14.0	29.102487562189054	1744.2407960199005	499619.0	1.0e6	4.0	0.5	0.5	0.5
1.0	15.0	28.70633893919793	1650.5278137128073	499619.0	1.0e6	4.0	0.5	0.5	0.5
1.0	16.0	28.836676217765042	1431.9799426934098	499619.0	1.0e6	4.0	0.5	0.5	0.5
1.0	17.0	31.44326241134752	1620.5	499619.0	1.0e6	4.0	0.5	0.5	0.5
1.0	18.0	34.93503937007874	2056.761811023622	499619.0	1.0e6	4.0	0.5	0.5	0.5
1.0	19.0	34.639821029082775	2086.3758389261743	499619.0	1.0e6	4.0	0.5	0.5	0.5
1.0	20.0	38.11080332409972	2995.4404432132965	499619.0	1.0e6	4.0	0.5	0.5	0.5
1.0	21.0	38.71165644171779	2621.239263803681	499619.0	1.0e6	4.0	0.5	0.5	0.5
1.0	22.0	38.22775800711744	2624.9537366548043	499619.0	1.0e6	4.0	0.5	0.5	0.5
1.0	23.0	42.74493927125506	3298.8744939271255	499619.0	1.0e6	4.0	0.5	0.5	0.5
1.0	24.0	40.93577981651376	2849.467889908257	499619.0	1.0e6	4.0	0.5	0.5	0.5
1.0	25.0	41.24875621890547	2611.8358208955224	499619.0	1.0e6	4.0	0.5	0.5	0.5
1.0	26.0	44.15976331360947	6165.899408284024	499619.0	1.0e6	4.0	0.5	0.5	0.5
1.0	27.0	52.81521739130435	6081.130434782609	499619.0	1.0e6	4.0	0.5	0.5	0.5
1.0	28.0	50.925170068027214	5691.632653061224	499619.0	1.0e6	4.0	0.5	0.5	0.5
1.0	29.0	48.18181818181818	4058.6969696969695	499619.0	1.0e6	4.0	0.5	0.5	0.5
1.0	30.0	46.57657657657658	3171.4414414414414	499619.0	1.0e6	4.0	0.5	0.5	0.5
1.0	31.0	55.90909090909091	4626.434343434344	499619.0	1.0e6	4.0	0.5	0.5	0.5
1.0	32.0	57.885416666666664	5735.385416666667	499619.0	1.0e6	4.0	0.5	0.5	0.5
1.0	33.0	47.93684210526316	3470.9894736842107	499619.0	1.0e6	4.0	0.5	0.5	0.5
1.0	34.0	57.43956043956044	5661.791208791209	499619.0	1.0e6	4.0	0.5	0.5	0.5
1.0	35.0	60.74626865671642	6121.223880597015	499619.0	1.0e6	4.0	0.5	0.5	0.5
1.0	36.0	58.10526315789474	5957.631578947368	499619.0	1.0e6	4.0	0.5	0.5	0.5
1.0	37.0	56.91044776119403	4360.880597014925	499619.0	1.0e6	4.0	0.5	0.5	0.5
1.0	38.0	62.6	5678.288888888889	499619.0	1.0e6	4.0	0.5	0.5	0.5
1.0	39.0	59.916666666666664	5434.833333333333	499619.0	1.0e6	4.0	0.5	0.5	0.5
1.0	40.0	52.484375	3604.328125	499619.0	1.0e6	4.0	0.5	0.5	0.5
1.0	41.0	72.67391304347827	9099.760869565218	499619.0	1.0e6	4.0	0.5	0.5	0.5
1.0	42.0	95.0	16071.461538461539	499619.0	1.0e6	4.0	0.5	0.5	0.5
1.0	43.0	76.78260869565217	8892.0	499619.0	1.0e6	4.0	0.5	0.5	0.5
1.0	44.0	72.16216216216216	10817.18918918919	499619.0	1.0e6	4.0	0.5	0.5	0.5
1.0	45.0	72.41176470588235	7881.705882352941	499619.0	1.0e6	4.0	0.5	0.5	0.5
1.0	46.0	64.28888888888889	6080.733333333334	499619.0	1.0e6	4.0	0.5	0.5	0.5
1.0	47.0	109.03225806451613	22418.83870967742	499619.0	1.0e6	4.0	0.5	0.5	0.5
1.0	48.0	90.96875	15506.28125	499619.0	1.0e6	4.0	0.5	0.5	0.5
1.0	49.0	82.54545454545455	10042.424242424242	499619.0	1.0e6	4.0	0.5	0.5	0.5
1.0	50.0	71.76190476190476	6360.714285714285	499619.0	1.0e6	4.0	0.5	0.5	0.5
1.0	51.0	92.0	16614.333333333332	499619.0	1.0e6	4.0	0.5	0.5	0.5
1.0	52.0	83.61538461538461	9448.692307692309	499619.0	1.0e6	4.0	0.5	0.5	0.5
1.0	53.0	90.44444444444444	13181.851851851852	499619.0	1.0e6	4.0	0.5	0.5	0.5
1.0	54.0	86.28571428571429	11347.904761904761	499619.0	1.0e6	4.0	0.5	0.5	0.5
1.0	55.0	73.14285714285714	9458.190476190477	499619.0	1.0e6	4.0	0.5	0.5	0.5
1.0	56.0	68.0909090909091	6602.818181818182	499619.0	1.0e6	4.0	0.5	0.5	0.5
1.0	57.0	76.72727272727273	7368.545454545455	499619.0	1.0e6	4.0	0.5	0.5	0.5
1.0	58.0	67.28571428571429	5563.428571428572	499619.0	1.0e6	4.0	0.5	0.5	0.5
1.0	59.0	142.76190476190476	31135.04761904762	499619.0	1.0e6	4.0	0.5	0.5	0.5
1.0	60.0	159.13333333333333	43565.13333333333	499619.0	1.0e6	4.0	0.5	0.5	0.5
1.0	61.0	108.8	16367.0	499619.0	1.0e6	4.0	0.5	0.5	0.5
1.0	62.0	70.22222222222223	6937.333333333333	499619.0	1.0e6	4.0	0.5	0.5	0.5
1.0	63.0	77.64285714285714	7822.785714285715	499619.0	1.0e6	4.0	0.5	0.5	0.5
1.0	64.0	144.625	34529.125	499619.0	1.0e6	4.0	0.5	0.5	0.5
1.0	65.0	81.44444444444444	8280.444444444445	499619.0	1.0e6	4.0	0.5	0.5	0.5
1.0	66.0	100.46153846153847	11263.384615384615	499619.0	1.0e6	4.0	0.5	0.5	0.5
1.0	67.0	108.33333333333333	13465.833333333334	499619.0	1.0e6	4.0	0.5	0.5	0.5
1.0	68.0	201.14285714285714	135078.57142857142	499619.0	1.0e6	4.0	0.5	0.5	0.5
1.0	69.0	127.0	27204.166666666668	499619.0	1.0e6	4.0	0.5	0.5	0.5
1.0	70.0	85.27272727272727	10080.181818181818	499619.0	1.0e6	4.0	0.5	0.5	0.5
1.0	71.0	83.61538461538461	10142.384615384615	499619.0	1.0e6	4.0	0.5	0.5	0.5
1.0	72.0	123.11111111111111	22746.88888888889	499619.0	1.0e6	4.0	0.5	0.5	0.5
1.0	73.0	95.0909090909091	11412.727272727272	499619.0	1.0e6	4.0	0.5	0.5	0.5
1.0	74.0	142.66666666666666	31208.0	499619.0	1.0e6	4.0	0.5	0.5	0.5
1.0	75.0	110.28571428571429	15278.57142857143	499619.0	1.0e6	4.0	0.5	0.5	0.5
1.0	76.0	57.4	3661.4	499619.0	1.0e6	4.0	0.5	0.5	0.5
1.0	77.0	184.33333333333334	119738.77777777778	499619.0	1.0e6	4.0	0.5	0.5	0.5
1.0	78.0	99.9	11493.5	499619.0	1.0e6	4.0	0.5	0.5	0.5
1.0	79.0	79.0	7565.0	499619.0	1.0e6	4.0	0.5	0.5	0.5
1.0	80.0	92.0	9083.42857142857	499619.0	1.0e6	4.0	0.5	0.5	0.5
1.0	81.0	117.33333333333333	23121.555555555555	499619.0	1.0e6	4.0	0.5	0.5	0.5
1.0	82.0	135.28571428571428	25493.0	499619.0	1.0e6	4.0	0.5	0.5	0.5
1.0	83.0	104.42857142857143	11360.142857142857	499619.0	1.0e6	4.0	0.5	0.5	0.5
1.0	84.0	174.875	79786.875	499619.0	1.0e6	4.0	0.5	0.5	0.5
1.0	85.0	89.5	12869.833333333334	499619.0	1.0e6	4.0	0.5	0.5	0.5
1.0	86.0	86.16666666666667	8985.833333333334	499619.0	1.0e6	4.0	0.5	0.5	0.5
1.0	87.0	116.2	15043.4	499619.0	1.0e6	4.0	0.5	0.5	0.5
1.0	88.0	67.25	5404.25	499619.0	1.0e6	4.0	0.5	0.5	0.5
1.0	89.0	145.66666666666666	30704.666666666668	499619.0	1.0e6	4.0	0.5	0.5	0.5
1.0	90.0	116.33333333333333	14327.0	499619.0	1.0e6	4.0	0.5	0.5	0.5
1.0	91.0	118.875	18245.125	499619.0	1.0e6	4.0	0.5	0.5	0.5
1.0	93.0	169.75	38631.75	499619.0	1.0e6	4.0	0.5	0.5	0.5
1.0	94.0	165.33333333333334	37111.0	499619.0	1.0e6	4.0	0.5	0.5	0.5
1.0	95.0	133.8	19459.8	499619.0	1.0e6	4.0	0.5	0.5	0.5
1.0	96.0	117.75	14960.75	499619.0	1.0e6	4.0	0.5	0.5	0.5
1.0	97.0	199.5	41962.5	499619.0	1.0e6	4.0	0.5	0.5	0.5
1.0	98.0	77.83333333333333	7232.5	499619.0	1.0e6	4.0	0.5	0.5	0.5
1.0	99.0	168.8	33481.2	499619.0	1.0e6	4.0	0.5	0.5	0.5
1.0	100.0	135.25	21754.75	499619.0	1.0e6	4.0	0.5	0.5	0.5
1.0	101.0	211.66666666666666	45813.666666666664	499619.0	1.0e6	4.0	0.5	0.5	0.5
1.0	102.0	143.75	29808.25	499619.0	1.0e6	4.0	0.5	0.5	0.5
1.0	104.0	72.5	5258.5	499619.0	1.0e6	4.0	0.5	0.5	0.5
1.0	106.0	178.5	47920.25	499619.0	1.0e6	4.0	0.5	0.5	0.5
1.0	107.0	177.0	37105.0	499619.0	1.0e6	4.0	0.5	0.5	0.5
1.0	108.0	214.66666666666666	66638.0	499619.0	1.0e6	4.0	0.5	0.5	0.5
1.0	109.0	153.5	26251.5	499619.0	1.0e6	4.0	0.5	0.5	0.5
1.0	110.0	110.4	13128.0	499619.0	1.0e6	4.0	0.5	0.5	0.5
1.0	111.0	91.0	8722.0	499619.0	1.0e6	4.0	0.5	0.5	0.5
1.0	112.0	187.33333333333334	38115.333333333336	499619.0	1.0e6	4.0	0.5	0.5	0.5
1.0	113.0	206.5	64992.5	499619.0	1.0e6	4.0	0.5	0.5	0.5
1.0	115.0	116.33333333333333	13913.0	499619.0	1.0e6	4.0	0.5	0.5	0.5
1.0	116.0	230.5	62231.5	499619.0	1.0e6	4.0	0.5	0.5	0.5
1.0	117.0	98.5	9812.5	499619.0	1.0e6	4.0	0.5	0.5	0.5
1.0	118.0	139.0	24712.5	499619.0	1.0e6	4.0	0.5	0.5	0.5
1.0	119.0	104.0	12497.0	499619.0	1.0e6	4.0	0.5	0.5	0.5
1.0	120.0	223.5	50084.5	499619.0	1.0e6	4.0	0.5	0.5	0.5
1.0	122.0	293.5	100422.5	499619.0	1.0e6	4.0	0.5	0.5	0.5
1.0	124.0	152.0	23108.0	499619.0	1.0e6	4.0	0.5	0.5	0.5
1.0	125.0	181.33333333333334	35325.333333333336	499619.0	1.0e6	4.0	0.5	0.5	0.5
1.0	127.0	281.5	108312.5	499619.0	1.0e6	4.0	0.5	0.5	0.5
1.0	128.0	66.0	4680.0	499619.0	1.0e6	4.0	0.5	0.5	0.5
1.0	129.0	265.25	162405.75	499619.0	1.0e6	4.0	0.5	0.5	0.5
1.0	133.0	177.5	36336.5	499619.0	1.0e6	4.0	0.5	0.5	0.5
1.0	135.0	166.0	29765.0	499619.0	1.0e6	4.0	0.5	0.5	0.5
1.0	136.0	309.5	106502.5	499619.0	1.0e6	4.0	0.5	0.5	0.5
1.0	140.0	134.5	19896.5	499619.0	1.0e6	4.0	0.5	0.5	0.5
1.0	142.0	157.5	25736.5	499619.0	1.0e6	4.0	0.5	0.5	0.5
1.0	143.0	280.25	134404.75	499619.0	1.0e6	4.0	0.5	0.5	0.5
1.0	144.0	131.5	21714.5	499619.0	1.0e6	4.0	0.5	0.5	0.5
1.0	145.0	80.0	7625.0	499619.0	1.0e6	4.0	0.5	0.5	0.5
1.0	146.0	157.0	26953.0	499619.0	1.0e6	4.0	0.5	0.5	0.5
1.0	147.0	352.5	144278.5	499619.0	1.0e6	4.0	0.5	0.5	0.5
1.0	148.0	246.5	82518.5	499619.0	1.0e6	4.0	0.5	0.5	0.5
1.0	152.0	402.5	165428.5	499619.0	1.0e6	4.0	0.5	0.5	0.5
1.0	153.0	192.0	36913.0	499619.0	1.0e6	4.0	0.5	0.5	0.5
1.0	167.0	471.5	228632.5	499619.0	1.0e6	4.0	0.5	0.5	0.5
1.0	169.0	86.0	8765.0	499619.0	1.0e6	4.0	0.5	0.5	0.5
1.0	172.0	245.0	61659.0	499619.0	1.0e6	4.0	0.5	0.5	0.5
1.0	187.0	398.5	158934.5	499619.0	1.0e6	4.0	0.5	0.5	0.5
1.0	195.0	145.5	22100.5	499619.0	1.0e6	4.0	0.5	0.5	0.5
1.0	204.0	840.0	831625.0	499619.0	1.0e6	4.0	0.5	0.5	0.5
1.0	317.0	223.5	53984.5	499619.0	1.0e6	4.0	0.5	0.5	0.5
2.0	0.0	1.285721111730509	2.153221310822649	499619.0	1.0e6	4.0	0.5	0.5	0.5
2.0	1.0	0.7526561534643939	1.6966566396240366	499619.0	1.0e6	4.0	0.5	0.5	0.5
2.0	2.0	0.9515566964477778	2.5829114740933012	499619.0	1.0e6	4.0	0.5	0.5	0.5
2.0	3.0	1.1595405357806783	3.7986028217521475	499619.0	1.0e6	4.0	0.5	0.5	0.5
2.0	4.0	1.3671926106183112	5.163722950519403	499619.0	1.0e6	4.0	0.5	0.5	0.5
2.0	5.0	1.5806539047941726	6.597696086735558	499619.0	1.0e6	4.0	0.5	0.5	0.5
2.0	6.0	1.793324386337071	8.348846270401316	499619.0	1.0e6	4.0	0.5	0.5	0.5
2.0	7.0	2.0229213730784066	10.772384153396882	499619.0	1.0e6	4.0	0.5	0.5	0.5
2.0	8.0	2.245101339977106	13.18564406437277	499619.0	1.0e6	4.0	0.5	0.5	0.5
2.0	9.0	2.4684184350132625	15.400613395225465	499619.0	1.0e6	4.0	0.5	0.5	0.5
2.0	10.0	2.6708653353814644	17.568970814132104	499619.0	1.0e6	4.0	0.5	0.5	0.5
2.0	11.0	2.875704859028194	20.90881823635273	499619.0	1.0e6	4.0	0.5	0.5	0.5
2.0	12.0	3.0735273039988535	22.58879174430271	499619.0	1.0e6	4.0	0.5	0.5	0.5
2.0	13.0	3.3256628314157077	27.17958979489745	499619.0	1.0e6	4.0	0.5	0.5	0.5
2.0	14.0	3.659418895516644	32.35135655185684	499619.0	1.0e6	4.0	0.5	0.5	0.5
2.0	15.0	3.9345438242546513	38.09145931405514	499619.0	1.0e6	4.0	0.5	0.5	0.5
2.0	16.0	3.9909429941395844	37.2397442727757	499619.0	1.0e6	4.0	0.5	0.5	0.5
2.0	17.0	4.2775423728813555	43.23274818401937	499619.0	1.0e6	4.0	0.5	0.5	0.5
2.0	18.0	4.3785565579458705	46.65683553088133	499619.0	1.0e6	4.0	0.5	0.5	0.5
2.0	19.0	4.920484664899659	58.23892464975388	499619.0	1.0e6	4.0	0.5	0.5	0.5
2.0	20.0	5.188654920498496	63.93296089385475	499619.0	1.0e6	4.0	0.5	0.5	0.5
2.0	21.0	5.275197628458498	66.99258893280633	499619.0	1.0e6	4.0	0.5	0.5	0.5
2.0	22.0	5.554385964912281	71.0	499619.0	1.0e6	4.0	0.5	0.5	0.5
2.0	23.0	6.072681704260652	83.61278195488721	499619.0	1.0e6	4.0	0.5	0.5	0.5
2.0	24.0	6.091718001368926	82.12731006160165	499619.0	1.0e6	4.0	0.5	0.5	0.5
2.0	25.0	6.115384615384615	82.53254437869822	499619.0	1.0e6	4.0	0.5	0.5	0.5
2.0	26.0	6.8320926385442515	105.96360628618693	499619.0	1.0e6	4.0	0.5	0.5	0.5
2.0	27.0	6.702087286527514	106.19924098671727	499619.0	1.0e6	4.0	0.5	0.5	0.5
2.0	28.0	6.728848114169215	103.92150866462794	499619.0	1.0e6	4.0	0.5	0.5	0.5
2.0	29.0	7.2268156424581	128.12513966480446	499619.0	1.0e6	4.0	0.5	0.5	0.5
2.0	30.0	7.470360824742268	117.63273195876289	499619.0	1.0e6	4.0	0.5	0.5	0.5
2.0	31.0	8.0	149.45323741007195	499619.0	1.0e6	4.0	0.5	0.5	0.5
2.0	32.0	8.092261904761905	152.9047619047619	499619.0	1.0e6	4.0	0.5	0.5	0.5
2.0	33.0	8.118210862619808	148.61341853035142	499619.0	1.0e6	4.0	0.5	0.5	0.5
2.0	34.0	9.175043327556326	178.9740034662045	499619.0	1.0e6	4.0	0.5	0.5	0.5
2.0	35.0	8.63898916967509	173.11552346570397	499619.0	1.0e6	4.0	0.5	0.5	0.5
2.0	36.0	9.259842519685039	201.6259842519685	499619.0	1.0e6	4.0	0.5	0.5	0.5
2.0	37.0	8.570526315789474	155.97684210526316	499619.0	1.0e6	4.0	0.5	0.5	0.5
2.0	38.0	9.64200477326969	219.04534606205252	499619.0	1.0e6	4.0	0.5	0.5	0.5
2.0	39.0	9.210653753026634	179.74334140435835	499619.0	1.0e6	4.0	0.5	0.5	0.5
2.0	40.0	10.0	213.6074270557029	499619.0	1.0e6	4.0	0.5	0.5	0.5
2.0	41.0	9.363905325443787	178.35798816568047	499619.0	1.0e6	4.0	0.5	0.5	0.5
2.0	42.0	10.763313609467456	247.9467455621302	499619.0	1.0e6	4.0	0.5	0.5	0.5
2.0	43.0	11.035190615835777	287.09384164222877	499619.0	1.0e6	4.0	0.5	0.5	0.5
2.0	44.0	9.905923344947736	221.14634146341464	499619.0	1.0e6	4.0	0.5	0.5	0.5
2.0	45.0	12.225589225589225	381.1144781144781	499619.0	1.0e6	4.0	0.5	0.5	0.5
2.0	46.0	11.695652173913043	309.5826086956522	499619.0	1.0e6	4.0	0.5	0.5	0.5
2.0	47.0	12.417021276595746	354.97021276595746	499619.0	1.0e6	4.0	0.5	0.5	0.5
2.0	48.0	11.75925925925926	381.537037037037	499619.0	1.0e6	4.0	0.5	0.5	0.5
2.0	49.0	13.801724137931034	440.67241379310343	499619.0	1.0e6	4.0	0.5	0.5	0.5
2.0	50.0	13.746192893401016	431.1370558375635	499619.0	1.0e6	4.0	0.5	0.5	0.5
2.0	51.0	12.135678391959798	315.9748743718593	499619.0	1.0e6	4.0	0.5	0.5	0.5
2.0	52.0	13.488888888888889	393.3333333333333	499619.0	1.0e6	4.0	0.5	0.5	0.5
2.0	53.0	12.192090395480227	293.1864406779661	499619.0	1.0e6	4.0	0.5	0.5	0.5
2.0	54.0	14.333333333333334	407.6666666666667	499619.0	1.0e6	4.0	0.5	0.5	0.5
2.0	55.0	15.10344827586207	443.5448275862069	499619.0	1.0e6	4.0	0.5	0.5	0.5
2.0	56.0	14.564625850340136	444.70068027210885	499619.0	1.0e6	4.0	0.5	0.5	0.5
2.0	57.0	13.978571428571428	449.9214285714286	499619.0	1.0e6	4.0	0.5	0.5	0.5
2.0	58.0	14.466666666666667	473.74285714285713	499619.0	1.0e6	4.0	0.5	0.5	0.5
2.0	59.0	13.524590163934427	333.11475409836066	499619.0	1.0e6	4.0	0.5	0.5	0.5
2.0	60.0	14.097744360902256	490.57894736842104	499619.0	1.0e6	4.0	0.5	0.5	0.5
2.0	61.0	17.834862385321102	753.2293577981651	499619.0	1.0e6	4.0	0.5	0.5	0.5
2.0	62.0	17.990825688073393	617.1100917431193	499619.0	1.0e6	4.0	0.5	0.5	0.5
2.0	63.0	15.808988764044944	560.1460674157304	499619.0	1.0e6	4.0	0.5	0.5	0.5
2.0	64.0	15.89655172413793	1723.8275862068965	499619.0	1.0e6	4.0	0.5	0.5	0.5
2.0	65.0	18.725	1150.825	499619.0	1.0e6	4.0	0.5	0.5	0.5
2.0	66.0	16.49367088607595	600.6708860759494	499619.0	1.0e6	4.0	0.5	0.5	0.5
2.0	67.0	15.077777777777778	484.5888888888889	499619.0	1.0e6	4.0	0.5	0.5	0.5
2.0	68.0	23.95774647887324	1734.7464788732395	499619.0	1.0e6	4.0	0.5	0.5	0.5
2.0	69.0	17.256410256410255	558.5641025641025	499619.0	1.0e6	4.0	0.5	0.5	0.5
2.0	70.0	24.01492537313433	1339.358208955224	499619.0	1.0e6	4.0	0.5	0.5	0.5
2.0	71.0	21.06578947368421	1076.671052631579	499619.0	1.0e6	4.0	0.5	0.5	0.5
2.0	72.0	18.6	727.4923076923077	499619.0	1.0e6	4.0	0.5	0.5	0.5
2.0	73.0	18.56140350877193	693.6842105263158	499619.0	1.0e6	4.0	0.5	0.5	0.5
2.0	74.0	19.373333333333335	751.5866666666667	499619.0	1.0e6	4.0	0.5	0.5	0.5
2.0	75.0	18.627450980392158	759.8039215686274	499619.0	1.0e6	4.0	0.5	0.5	0.5
2.0	76.0	22.29310344827586	982.3620689655172	499619.0	1.0e6	4.0	0.5	0.5	0.5
2.0	77.0	21.383333333333333	871.8166666666667	499619.0	1.0e6	4.0	0.5	0.5	0.5
2.0	78.0	23.17543859649123	1252.6140350877192	499619.0	1.0e6	4.0	0.5	0.5	0.5
2.0	79.0	18.826923076923077	889.0192307692307	499619.0	1.0e6	4.0	0.5	0.5	0.5
2.0	80.0	27.8	1420.6	499619.0	1.0e6	4.0	0.5	0.5	0.5
2.0	81.0	19.80851063829787	715.4255319148937	499619.0	1.0e6	4.0	0.5	0.5	0.5
2.0	82.0	26.441860465116278	1285.5116279069769	499619.0	1.0e6	4.0	0.5	0.5	0.5
2.0	83.0	20.3953488372093	758.7209302325581	499619.0	1.0e6	4.0	0.5	0.5	0.5
2.0	84.0	27.32608695652174	1600.3260869565217	499619.0	1.0e6	4.0	0.5	0.5	0.5
2.0	85.0	24.558823529411764	1189.8529411764705	499619.0	1.0e6	4.0	0.5	0.5	0.5
2.0	86.0	25.571428571428573	1190.3809523809523	499619.0	1.0e6	4.0	0.5	0.5	0.5
2.0	87.0	23.103448275862068	1011.2413793103449	499619.0	1.0e6	4.0	0.5	0.5	0.5
2.0	88.0	24.61111111111111	1182.0555555555557	499619.0	1.0e6	4.0	0.5	0.5	0.5
2.0	89.0	24.333333333333332	1128.3333333333333	499619.0	1.0e6	4.0	0.5	0.5	0.5
2.0	90.0	23.1	1106.0333333333333	499619.0	1.0e6	4.0	0.5	0.5	0.5
2.0	91.0	20.214285714285715	759.1428571428571	499619.0	1.0e6	4.0	0.5	0.5	0.5
2.0	92.0	25.833333333333332	1912.9666666666667	499619.0	1.0e6	4.0	0.5	0.5	0.5
2.0	93.0	15.342105263157896	403.60526315789474	499619.0	1.0e6	4.0	0.5	0.5	0.5
2.0	94.0	20.939393939393938	789.7272727272727	499619.0	1.0e6	4.0	0.5	0.5	0.5
2.0	95.0	28.0	1234.357142857143	499619.0	1.0e6	4.0	0.5	0.5	0.5
2.0	96.0	22.46153846153846	842.1538461538462	499619.0	1.0e6	4.0	0.5	0.5	0.5
2.0	97.0	28.181818181818183	2008.2727272727273	499619.0	1.0e6	4.0	0.5	0.5	0.5
2.0	98.0	22.952380952380953	1200.7619047619048	499619.0	1.0e6	4.0	0.5	0.5	0.5
2.0	99.0	27.96	1847.4	499619.0	1.0e6	4.0	0.5	0.5	0.5
2.0	100.0	26.24	1305.52	499619.0	1.0e6	4.0	0.5	0.5	0.5
2.0	101.0	22.541666666666668	1100.875	499619.0	1.0e6	4.0	0.5	0.5	0.5
2.0	102.0	32.333333333333336	5034.666666666667	499619.0	1.0e6	4.0	0.5	0.5	0.5
2.0	103.0	24.821428571428573	1253.892857142857	499619.0	1.0e6	4.0	0.5	0.5	0.5
2.0	104.0	24.352941176470587	1150.3529411764705	499619.0	1.0e6	4.0	0.5	0.5	0.5
2.0	105.0	25.8125	1498.4375	499619.0	1.0e6	4.0	0.5	0.5	0.5
2.0	106.0	31.0	1823.4166666666667	499619.0	1.0e6	4.0	0.5	0.5	0.5
2.0	107.0	26.272727272727273	1343.6363636363637	499619.0	1.0e6	4.0	0.5	0.5	0.5
2.0	108.0	25.5	1670.5	499619.0	1.0e6	4.0	0.5	0.5	0.5
2.0	109.0	33.095238095238095	2907.095238095238	499619.0	1.0e6	4.0	0.5	0.5	0.5
2.0	110.0	25.0	1051.7692307692307	499619.0	1.0e6	4.0	0.5	0.5	0.5
2.0	111.0	30.6875	2203.3125	499619.0	1.0e6	4.0	0.5	0.5	0.5
2.0	112.0	51.421052631578945	4452.894736842105	499619.0	1.0e6	4.0	0.5	0.5	0.5
2.0	113.0	31.823529411764707	3627.9411764705883	499619.0	1.0e6	4.0	0.5	0.5	0.5
2.0	114.0	36.76923076923077	2120.769230769231	499619.0	1.0e6	4.0	0.5	0.5	0.5
2.0	115.0	36.5	3810.4	499619.0	1.0e6	4.0	0.5	0.5	0.5
2.0	116.0	20.823529411764707	1058.3529411764705	499619.0	1.0e6	4.0	0.5	0.5	0.5
2.0	117.0	29.31578947368421	1644.3684210526317	499619.0	1.0e6	4.0	0.5	0.5	0.5
2.0	118.0	20.25	896.0	499619.0	1.0e6	4.0	0.5	0.5	0.5
2.0	119.0	44.529411764705884	5005.0	499619.0	1.0e6	4.0	0.5	0.5	0.5
2.0	120.0	26.714285714285715	1368.142857142857	499619.0	1.0e6	4.0	0.5	0.5	0.5
2.0	121.0	36.15384615384615	2832.153846153846	499619.0	1.0e6	4.0	0.5	0.5	0.5
2.0	122.0	24.666666666666668	1694.3333333333333	499619.0	1.0e6	4.0	0.5	0.5	0.5
2.0	123.0	43.0	3769.4285714285716	499619.0	1.0e6	4.0	0.5	0.5	0.5
2.0	124.0	35.833333333333336	2318.0	499619.0	1.0e6	4.0	0.5	0.5	0.5
2.0	125.0	61.6	7540.6	499619.0	1.0e6	4.0	0.5	0.5	0.5
2.0	126.0	54.75	5370.583333333333	499619.0	1.0e6	4.0	0.5	0.5	0.5
2.0	127.0	47.7	3641.7	499619.0	1.0e6	4.0	0.5	0.5	0.5
2.0	128.0	21.90909090909091	748.0909090909091	499619.0	1.0e6	4.0	0.5	0.5	0.5
2.0	129.0	29.09090909090909	1892.7272727272727	499619.0	1.0e6	4.0	0.5	0.5	0.5
2.0	130.0	48.44444444444444	4583.333333333333	499619.0	1.0e6	4.0	0.5	0.5	0.5
2.0	131.0	65.55555555555556	7668.0	499619.0	1.0e6	4.0	0.5	0.5	0.5
2.0	132.0	39.111111111111114	2030.4444444444443	499619.0	1.0e6	4.0	0.5	0.5	0.5
2.0	133.0	43.22222222222222	2846.3333333333335	499619.0	1.0e6	4.0	0.5	0.5	0.5
2.0	134.0	28.444444444444443	1116.4444444444443	499619.0	1.0e6	4.0	0.5	0.5	0.5
2.0	135.0	50.142857142857146	3164.1428571428573	499619.0	1.0e6	4.0	0.5	0.5	0.5
2.0	136.0	30.166666666666668	2059.6666666666665	499619.0	1.0e6	4.0	0.5	0.5	0.5
2.0	137.0	33.333333333333336	1448.888888888889	499619.0	1.0e6	4.0	0.5	0.5	0.5
2.0	138.0	51.45454545454545	5258.545454545455	499619.0	1.0e6	4.0	0.5	0.5	0.5
2.0	139.0	37.0	2322.846153846154	499619.0	1.0e6	4.0	0.5	0.5	0.5
2.0	140.0	34.0	1882.4444444444443	499619.0	1.0e6	4.0	0.5	0.5	0.5
2.0	141.0	33.666666666666664	1981.2222222222222	499619.0	1.0e6	4.0	0.5	0.5	0.5
2.0	142.0	56.2	5856.6	499619.0	1.0e6	4.0	0.5	0.5	0.5
2.0	143.0	53.5	4413.0	499619.0	1.0e6	4.0	0.5	0.5	0.5
2.0	144.0	26.166666666666668	1038.5	499619.0	1.0e6	4.0	0.5	0.5	0.5
2.0	145.0	53.666666666666664	4029.3333333333335	499619.0	1.0e6	4.0	0.5	0.5	0.5
2.0	146.0	25.833333333333332	1201.1666666666667	499619.0	1.0e6	4.0	0.5	0.5	0.5
2.0	147.0	17.666666666666668	509.3333333333333	499619.0	1.0e6	4.0	0.5	0.5	0.5
2.0	148.0	19.571428571428573	836.4285714285714	499619.0	1.0e6	4.0	0.5	0.5	0.5
2.0	149.0	16.666666666666668	305.3333333333333	499619.0	1.0e6	4.0	0.5	0.5	0.5
2.0	150.0	59.0	6734.777777777777	499619.0	1.0e6	4.0	0.5	0.5	0.5
2.0	151.0	44.0	2994.6666666666665	499619.0	1.0e6	4.0	0.5	0.5	0.5
2.0	152.0	45.714285714285715	3348.285714285714	499619.0	1.0e6	4.0	0.5	0.5	0.5
2.0	153.0	31.0	2116.6	499619.0	1.0e6	4.0	0.5	0.5	0.5
2.0	154.0	52.2	4681.4	499619.0	1.0e6	4.0	0.5	0.5	0.5
2.0	156.0	50.18181818181818	7796.545454545455	499619.0	1.0e6	4.0	0.5	0.5	0.5
2.0	157.0	39.22222222222222	2332.1111111111113	499619.0	1.0e6	4.0	0.5	0.5	0.5
2.0	158.0	11.0	267.0	499619.0	1.0e6	4.0	0.5	0.5	0.5
2.0	159.0	36.857142857142854	2178.285714285714	499619.0	1.0e6	4.0	0.5	0.5	0.5
2.0	160.0	66.4	12496.8	499619.0	1.0e6	4.0	0.5	0.5	0.5
2.0	162.0	66.5	6239.833333333333	499619.0	1.0e6	4.0	0.5	0.5	0.5
2.0	163.0	45.2	2988.0	499619.0	1.0e6	4.0	0.5	0.5	0.5
2.0	164.0	66.4	7696.8	499619.0	1.0e6	4.0	0.5	0.5	0.5
2.0	165.0	39.2	1720.8	499619.0	1.0e6	4.0	0.5	0.5	0.5
2.0	166.0	68.0	6380.5	499619.0	1.0e6	4.0	0.5	0.5	0.5
2.0	167.0	32.5	2114.5	499619.0	1.0e6	4.0	0.5	0.5	0.5
2.0	169.0	15.75	329.25	499619.0	1.0e6	4.0	0.5	0.5	0.5
2.0	170.0	28.2	1144.6	499619.0	1.0e6	4.0	0.5	0.5	0.5
2.0	171.0	31.25	1597.25	499619.0	1.0e6	4.0	0.5	0.5	0.5
2.0	172.0	81.75	8056.75	499619.0	1.0e6	4.0	0.5	0.5	0.5
2.0	174.0	57.285714285714285	4713.857142857143	499619.0	1.0e6	4.0	0.5	0.5	0.5
2.0	175.0	9.5	180.5	499619.0	1.0e6	4.0	0.5	0.5	0.5
2.0	176.0	45.833333333333336	6693.833333333333	499619.0	1.0e6	4.0	0.5	0.5	0.5
2.0	177.0	52.666666666666664	6641.333333333333	499619.0	1.0e6	4.0	0.5	0.5	0.5
2.0	178.0	45.6	5640.8	499619.0	1.0e6	4.0	0.5	0.5	0.5
2.0	179.0	88.5	17769.5	499619.0	1.0e6	4.0	0.5	0.5	0.5
2.0	181.0	36.5	1603.0	499619.0	1.0e6	4.0	0.5	0.5	0.5
2.0	183.0	51.5	5102.5	499619.0	1.0e6	4.0	0.5	0.5	0.5
2.0	184.0	41.0	2745.0	499619.0	1.0e6	4.0	0.5	0.5	0.5
2.0	185.0	66.5	7096.5	499619.0	1.0e6	4.0	0.5	0.5	0.5
2.0	186.0	17.0	389.0	499619.0	1.0e6	4.0	0.5	0.5	0.5
2.0	187.0	116.2	15105.0	499619.0	1.0e6	4.0	0.5	0.5	0.5
2.0	188.0	78.5	7917.5	499619.0	1.0e6	4.0	0.5	0.5	0.5
2.0	189.0	73.5	8227.0	499619.0	1.0e6	4.0	0.5	0.5	0.5
2.0	191.0	49.0	3440.2	499619.0	1.0e6	4.0	0.5	0.5	0.5
2.0	192.0	35.5	2130.5	499619.0	1.0e6	4.0	0.5	0.5	0.5
2.0	194.0	41.0	1701.6666666666667	499619.0	1.0e6	4.0	0.5	0.5	0.5
2.0	195.0	13.25	197.25	499619.0	1.0e6	4.0	0.5	0.5	0.5
2.0	196.0	69.0	6745.666666666667	499619.0	1.0e6	4.0	0.5	0.5	0.5
2.0	197.0	8.0	113.0	499619.0	1.0e6	4.0	0.5	0.5	0.5
2.0	198.0	107.0	16310.0	499619.0	1.0e6	4.0	0.5	0.5	0.5
2.0	199.0	110.75	17867.75	499619.0	1.0e6	4.0	0.5	0.5	0.5
2.0	200.0	44.333333333333336	2548.3333333333335	499619.0	1.0e6	4.0	0.5	0.5	0.5
2.0	201.0	68.0	4662.0	499619.0	1.0e6	4.0	0.5	0.5	0.5
2.0	203.0	92.0	11065.0	499619.0	1.0e6	4.0	0.5	0.5	0.5
2.0	204.0	200.0	80771.5	499619.0	1.0e6	4.0	0.5	0.5	0.5
2.0	205.0	72.66666666666667	7970.0	499619.0	1.0e6	4.0	0.5	0.5	0.5
2.0	206.0	47.0	5004.5	499619.0	1.0e6	4.0	0.5	0.5	0.5
2.0	207.0	26.333333333333332	1133.6666666666667	499619.0	1.0e6	4.0	0.5	0.5	0.5
2.0	208.0	32.5	1296.5	499619.0	1.0e6	4.0	0.5	0.5	0.5
2.0	209.0	100.5	10130.5	499619.0	1.0e6	4.0	0.5	0.5	0.5
2.0	210.0	63.0	5123.0	499619.0	1.0e6	4.0	0.5	0.5	0.5
2.0	211.0	62.0	5491.142857142857	499619.0	1.0e6	4.0	0.5	0.5	0.5
2.0	212.0	79.0	7922.0	499619.0	1.0e6	4.0	0.5	0.5	0.5
2.0	213.0	151.5	23224.5	499619.0	1.0e6	4.0	0.5	0.5	0.5
2.0	214.0	8.0	80.0	499619.0	1.0e6	4.0	0.5	0.5	0.5
2.0	215.0	124.33333333333333	38595.666666666664	499619.0	1.0e6	4.0	0.5	0.5	0.5
2.0	217.0	25.0	1297.0	499619.0	1.0e6	4.0	0.5	0.5	0.5
2.0	218.0	174.0	51885.0	499619.0	1.0e6	4.0	0.5	0.5	0.5
2.0	219.0	45.5	2826.5	499619.0	1.0e6	4.0	0.5	0.5	0.5
2.0	223.0	62.5	7328.5	499619.0	1.0e6	4.0	0.5	0.5	0.5
2.0	225.0	29.0	1296.5	499619.0	1.0e6	4.0	0.5	0.5	0.5
2.0	227.0	113.5	19362.5	499619.0	1.0e6	4.0	0.5	0.5	0.5
2.0	228.0	57.666666666666664	6612.333333333333	499619.0	1.0e6	4.0	0.5	0.5	0.5
2.0	239.0	17.5	308.5	499619.0	1.0e6	4.0	0.5	0.5	0.5
2.0	244.0	29.0	1466.0	499619.0	1.0e6	4.0	0.5	0.5	0.5
2.0	246.0	88.0	8932.666666666666	499619.0	1.0e6	4.0	0.5	0.5	0.5
2.0	247.0	61.666666666666664	6641.0	499619.0	1.0e6	4.0	0.5	0.5	0.5
2.0	249.0	97.5	10838.5	499619.0	1.0e6	4.0	0.5	0.5	0.5
2.0	253.0	89.66666666666667	8257.0	499619.0	1.0e6	4.0	0.5	0.5	0.5
2.0	254.0	15.5	296.5	499619.0	1.0e6	4.0	0.5	0.5	0.5
2.0	259.0	85.0	8314.0	499619.0	1.0e6	4.0	0.5	0.5	0.5
2.0	260.0	101.5	19232.5	499619.0	1.0e6	4.0	0.5	0.5	0.5
2.0	261.0	97.0	9634.0	499619.0	1.0e6	4.0	0.5	0.5	0.5
2.0	263.0	107.25	24594.75	499619.0	1.0e6	4.0	0.5	0.5	0.5
2.0	269.0	34.5	1190.5	499619.0	1.0e6	4.0	0.5	0.5	0.5
2.0	272.0	64.0	5777.0	499619.0	1.0e6	4.0	0.5	0.5	0.5
2.0	273.0	38.0	1565.0	499619.0	1.0e6	4.0	0.5	0.5	0.5
2.0	275.0	30.0	1341.0	499619.0	1.0e6	4.0	0.5	0.5	0.5
2.0	277.0	23.5	564.5	499619.0	1.0e6	4.0	0.5	0.5	0.5
2.0	290.0	60.5	3842.5	499619.0	1.0e6	4.0	0.5	0.5	0.5
2.0	291.0	35.0	1261.0	499619.0	1.0e6	4.0	0.5	0.5	0.5
2.0	298.0	364.5	203350.5	499619.0	1.0e6	4.0	0.5	0.5	0.5
2.0	314.0	83.0	7010.0	499619.0	1.0e6	4.0	0.5	0.5	0.5
2.0	344.0	85.5	11732.5	499619.0	1.0e6	4.0	0.5	0.5	0.5
2.0	354.0	29.5	1740.5	499619.0	1.0e6	4.0	0.5	0.5	0.5
2.0	364.0	80.0	7696.0	499619.0	1.0e6	4.0	0.5	0.5	0.5
2.0	398.0	124.0	26192.0	499619.0	1.0e6	4.0	0.5	0.5	0.5
2.0	413.0	122.0	15014.666666666666	499619.0	1.0e6	4.0	0.5	0.5	0.5
2.0	422.0	155.5	35100.5	499619.0	1.0e6	4.0	0.5	0.5	0.5
2.0	491.0	66.5	5982.5	499619.0	1.0e6	4.0	0.5	0.5	0.5
