1.0	0.0	3.004024144869215	103.33802816901408	999.0	1000.0	4.0	0.999	0.1	0.999
1.0	1.0	4.5	26.5	999.0	1000.0	4.0	0.999	0.1	0.999
1.0	2.0	2.5	8.5	999.0	1000.0	4.0	0.999	0.1	0.999
2.0	1.0	0.003418803418803419	0.006837606837606838	999.0	1000.0	4.0	0.999	0.1	0.999
2.0	2.0	0.005681818181818182	0.005681818181818182	999.0	1000.0	4.0	0.999	0.1	0.999
2.0	4.0	0.04878048780487805	0.0975609756097561	999.0	1000.0	4.0	0.999	0.1	0.999
2.0	7.0	0.1	0.1	999.0	1000.0	4.0	0.999	0.1	0.999
1.0	0.0	2.98705469141997	221.38605117912695	9986.0	10000.0	4.0	0.999	0.1	0.999
1.0	1.0	1.875	7.375	9986.0	10000.0	4.0	0.999	0.1	0.999
1.0	2.0	32.0	3551.5	9986.0	10000.0	4.0	0.999	0.1	0.999
1.0	3.0	5.666666666666667	48.333333333333336	9986.0	10000.0	4.0	0.999	0.1	0.999
1.0	4.0	12.0	180.0	9986.0	10000.0	4.0	0.999	0.1	0.999
2.0	0.0	1655.0	1.6387853333333334e7	9986.0	10000.0	4.0	0.999	0.1	0.999
2.0	1.0	0.0005011693952555964	0.0005011693952555964	9986.0	10000.0	4.0	0.999	0.1	0.999
2.0	2.0	0.0005885815185403178	0.0005885815185403178	9986.0	10000.0	4.0	0.999	0.1	0.999
2.0	3.0	0.002484472049689441	0.004968944099378882	9986.0	10000.0	4.0	0.999	0.1	0.999
2.0	4.0	0.002506265664160401	0.002506265664160401	9986.0	10000.0	4.0	0.999	0.1	0.999
2.0	6.0	0.04697986577181208	0.14093959731543623	9986.0	10000.0	4.0	0.999	0.1	0.999
2.0	8.0	0.0297029702970297	0.0891089108910891	9986.0	10000.0	4.0	0.999	0.1	0.999
2.0	9.0	0.04285714285714286	0.12857142857142856	9986.0	10000.0	4.0	0.999	0.1	0.999
2.0	13.0	0.3548387096774194	3.903225806451613	9986.0	10000.0	4.0	0.999	0.1	0.999
2.0	18.0	0.21052631578947367	0.8421052631578947	9986.0	10000.0	4.0	0.999	0.1	0.999
2.0	37.0	8.25	272.25	9986.0	10000.0	4.0	0.999	0.1	0.999
1.0	0.0	2.996809439243897	478.3054811425819	99881.0	100000.0	4.0	0.999	0.1	0.999
1.0	1.0	1.5277777777777777	9.63888888888889	99881.0	100000.0	4.0	0.999	0.1	0.999
1.0	2.0	1.7142857142857142	17.214285714285715	99881.0	100000.0	4.0	0.999	0.1	0.999
1.0	3.0	1.380952380952381	7.476190476190476	99881.0	100000.0	4.0	0.999	0.1	0.999
1.0	4.0	2.5833333333333335	25.75	99881.0	100000.0	4.0	0.999	0.1	0.999
1.0	5.0	3.3333333333333335	60.22222222222222	99881.0	100000.0	4.0	0.999	0.1	0.999
1.0	6.0	3.0	23.4	99881.0	100000.0	4.0	0.999	0.1	0.999
1.0	7.0	268.0	137873.0	99881.0	100000.0	4.0	0.999	0.1	0.999
1.0	11.0	6.0	86.66666666666667	99881.0	100000.0	4.0	0.999	0.1	0.999
1.0	18.0	2.5	8.5	99881.0	100000.0	4.0	0.999	0.1	0.999
2.0	0.0	981.1089108910891	9.652476102970298e7	99881.0	100000.0	4.0	0.999	0.1	0.999
2.0	1.0	0.0021895736181450466	0.019505590934162362	99881.0	100000.0	4.0	0.999	0.1	0.999
2.0	2.0	0.00238580157113762	0.012860052371254	99881.0	100000.0	4.0	0.999	0.1	0.999
2.0	3.0	0.0015750098438115237	0.004725029531434571	99881.0	100000.0	4.0	0.999	0.1	0.999
2.0	4.0	0.008353221957040573	0.09045346062052506	99881.0	100000.0	4.0	0.999	0.1	0.999
2.0	5.0	0.011419249592169658	0.2365415986949429	99881.0	100000.0	4.0	0.999	0.1	0.999
2.0	6.0	0.0018203883495145632	0.0018203883495145632	99881.0	100000.0	4.0	0.999	0.1	0.999
2.0	7.0	0.0024855012427506215	0.007456503728251864	99881.0	100000.0	4.0	0.999	0.1	0.999
2.0	8.0	0.009574468085106383	0.026595744680851064	99881.0	100000.0	4.0	0.999	0.1	0.999
2.0	9.0	0.0045871559633027525	0.013761467889908258	99881.0	100000.0	4.0	0.999	0.1	0.999
2.0	10.0	0.028037383177570093	0.21869158878504674	99881.0	100000.0	4.0	0.999	0.1	0.999
2.0	11.0	0.01809954751131222	0.11312217194570136	99881.0	100000.0	4.0	0.999	0.1	0.999
2.0	12.0	0.10543130990415335	3.4792332268370605	99881.0	100000.0	4.0	0.999	0.1	0.999
2.0	13.0	0.0036231884057971015	0.0036231884057971015	99881.0	100000.0	4.0	0.999	0.1	0.999
2.0	15.0	0.06965174129353234	0.5771144278606966	99881.0	100000.0	4.0	0.999	0.1	0.999
2.0	16.0	0.060109289617486336	0.6612021857923497	99881.0	100000.0	4.0	0.999	0.1	0.999
2.0	17.0	0.006711409395973154	0.006711409395973154	99881.0	100000.0	4.0	0.999	0.1	0.999
2.0	18.0	0.014285714285714285	0.02857142857142857	99881.0	100000.0	4.0	0.999	0.1	0.999
2.0	22.0	0.3055555555555556	6.722222222222222	99881.0	100000.0	4.0	0.999	0.1	0.999
2.0	23.0	0.08196721311475409	0.4098360655737705	99881.0	100000.0	4.0	0.999	0.1	0.999
2.0	25.0	0.359375	8.265625	99881.0	100000.0	4.0	0.999	0.1	0.999
2.0	30.0	0.6578947368421053	16.44736842105263	99881.0	100000.0	4.0	0.999	0.1	0.999
2.0	32.0	0.65	16.9	99881.0	100000.0	4.0	0.999	0.1	0.999
2.0	42.0	5.333333333333333	512.0	99881.0	100000.0	4.0	0.999	0.1	0.999
2.0	88.0	6.4	204.8	99881.0	100000.0	4.0	0.999	0.1	0.999
2.0	151.0	107.33333333333333	34561.333333333336	99881.0	100000.0	4.0	0.999	0.1	0.999
1.0	0.0	2.9990792709591227	1038.0986243224918	998941.0	1.0e6	4.0	0.999	0.1	0.999
1.0	1.0	2.3098591549295775	66.29252437703141	998941.0	1.0e6	4.0	0.999	0.1	0.999
1.0	2.0	1.5654952076677315	16.536741214057507	998941.0	1.0e6	4.0	0.999	0.1	0.999
1.0	3.0	2.5454545454545454	48.17045454545455	998941.0	1.0e6	4.0	0.999	0.1	0.999
1.0	4.0	3.0125	93.1375	998941.0	1.0e6	4.0	0.999	0.1	0.999
1.0	5.0	2.3636363636363638	21.78787878787879	998941.0	1.0e6	4.0	0.999	0.1	0.999
1.0	6.0	5.675	295.975	998941.0	1.0e6	4.0	0.999	0.1	0.999
1.0	7.0	3.3142857142857145	41.82857142857143	998941.0	1.0e6	4.0	0.999	0.1	0.999
1.0	8.0	3.5806451612903225	59.516129032258064	998941.0	1.0e6	4.0	0.999	0.1	0.999
1.0	9.0	2.6153846153846154	32.69230769230769	998941.0	1.0e6	4.0	0.999	0.1	0.999
1.0	10.0	3.263157894736842	62.0	998941.0	1.0e6	4.0	0.999	0.1	0.999
1.0	11.0	6.0	303.8	998941.0	1.0e6	4.0	0.999	0.1	0.999
1.0	12.0	5.928571428571429	246.64285714285714	998941.0	1.0e6	4.0	0.999	0.1	0.999
1.0	13.0	1.4615384615384615	8.846153846153847	998941.0	1.0e6	4.0	0.999	0.1	0.999
1.0	14.0	1.4444444444444444	9.88888888888889	998941.0	1.0e6	4.0	0.999	0.1	0.999
1.0	15.0	2.142857142857143	13.571428571428571	998941.0	1.0e6	4.0	0.999	0.1	0.999
1.0	16.0	1.1428571428571428	5.428571428571429	998941.0	1.0e6	4.0	0.999	0.1	0.999
1.0	17.0	11.5	759.9	998941.0	1.0e6	4.0	0.999	0.1	0.999
1.0	18.0	2.7142857142857144	15.857142857142858	998941.0	1.0e6	4.0	0.999	0.1	0.999
1.0	19.0	8.25	272.25	998941.0	1.0e6	4.0	0.999	0.1	0.999
1.0	20.0	13.6	682.0	998941.0	1.0e6	4.0	0.999	0.1	0.999
1.0	21.0	10.333333333333334	136.0	998941.0	1.0e6	4.0	0.999	0.1	0.999
1.0	22.0	0.3333333333333333	0.3333333333333333	998941.0	1.0e6	4.0	0.999	0.1	0.999
1.0	23.0	9.0	225.66666666666666	998941.0	1.0e6	4.0	0.999	0.1	0.999
1.0	25.0	2.1666666666666665	10.166666666666666	998941.0	1.0e6	4.0	0.999	0.1	0.999
1.0	26.0	1.0	2.0	998941.0	1.0e6	4.0	0.999	0.1	0.999
1.0	27.0	0.3333333333333333	0.3333333333333333	998941.0	1.0e6	4.0	0.999	0.1	0.999
1.0	28.0	3.0	18.0	998941.0	1.0e6	4.0	0.999	0.1	0.999
1.0	29.0	14.5	420.5	998941.0	1.0e6	4.0	0.999	0.1	0.999
1.0	30.0	8.5	257.0	998941.0	1.0e6	4.0	0.999	0.1	0.999
1.0	31.0	3.0	10.0	998941.0	1.0e6	4.0	0.999	0.1	0.999
1.0	32.0	4.75	81.25	998941.0	1.0e6	4.0	0.999	0.1	0.999
1.0	34.0	4.75	32.25	998941.0	1.0e6	4.0	0.999	0.1	0.999
1.0	37.0	5.25	110.25	998941.0	1.0e6	4.0	0.999	0.1	0.999
1.0	38.0	12.666666666666666	255.33333333333334	998941.0	1.0e6	4.0	0.999	0.1	0.999
1.0	39.0	3.5	18.5	998941.0	1.0e6	4.0	0.999	0.1	0.999
1.0	40.0	10.5	200.5	998941.0	1.0e6	4.0	0.999	0.1	0.999
1.0	41.0	1.5	4.5	998941.0	1.0e6	4.0	0.999	0.1	0.999
1.0	43.0	13.0	338.0	998941.0	1.0e6	4.0	0.999	0.1	0.999
1.0	44.0	2.5	12.5	998941.0	1.0e6	4.0	0.999	0.1	0.999
1.0	56.0	1.0	3.0	998941.0	1.0e6	4.0	0.999	0.1	0.999
1.0	64.0	32.0	1808.0	998941.0	1.0e6	4.0	0.999	0.1	0.999
1.0	67.0	4.0	32.0	998941.0	1.0e6	4.0	0.999	0.1	0.999
2.0	0.0	1041.946259220232	1.0179060331959958e9	998941.0	1.0e6	4.0	0.999	0.1	0.999
2.0	1.0	0.002039873758756062	0.0632226993269588	998941.0	1.0e6	4.0	0.999	0.1	0.999
2.0	2.0	0.003260996383152491	0.03717769221794423	998941.0	1.0e6	4.0	0.999	0.1	0.999
2.0	3.0	0.005708286857817728	0.11496620956630142	998941.0	1.0e6	4.0	0.999	0.1	0.999
2.0	4.0	0.007304707210995506	0.18040704519787587	998941.0	1.0e6	4.0	0.999	0.1	0.999
2.0	5.0	0.012801556420233463	1.0266536964980544	998941.0	1.0e6	4.0	0.999	0.1	0.999
2.0	6.0	0.017076023391812866	0.6872514619883041	998941.0	1.0e6	4.0	0.999	0.1	0.999
2.0	7.0	0.017234236473610075	0.3854503272847792	998941.0	1.0e6	4.0	0.999	0.1	0.999
2.0	8.0	0.016734559066387756	0.6568314433557195	998941.0	1.0e6	4.0	0.999	0.1	0.999
2.0	9.0	0.020543895950339935	0.41693762932308603	998941.0	1.0e6	4.0	0.999	0.1	0.999
2.0	10.0	0.01711813393528969	0.6886756960120392	998941.0	1.0e6	4.0	0.999	0.1	0.999
2.0	11.0	0.04641751963818139	6.175910497500595	998941.0	1.0e6	4.0	0.999	0.1	0.999
2.0	12.0	0.004251700680272109	0.025793650793650792	998941.0	1.0e6	4.0	0.999	0.1	0.999
2.0	13.0	0.011724137931034483	0.07103448275862069	998941.0	1.0e6	4.0	0.999	0.1	0.999
2.0	14.0	0.019491525423728815	0.26610169491525426	998941.0	1.0e6	4.0	0.999	0.1	0.999
2.0	15.0	0.003674540682414698	0.014173228346456693	998941.0	1.0e6	4.0	0.999	0.1	0.999
2.0	16.0	0.0068454078722190535	0.025099828864803195	998941.0	1.0e6	4.0	0.999	0.1	0.999
2.0	17.0	0.027528809218950064	0.21574903969270168	998941.0	1.0e6	4.0	0.999	0.1	0.999
2.0	18.0	0.025449101796407185	0.7679640718562875	998941.0	1.0e6	4.0	0.999	0.1	0.999
2.0	19.0	0.0034423407917383822	0.0068846815834767644	998941.0	1.0e6	4.0	0.999	0.1	0.999
2.0	20.0	0.07797270955165692	2.107212475633528	998941.0	1.0e6	4.0	0.999	0.1	0.999
2.0	21.0	0.04801920768307323	1.6542617046818728	998941.0	1.0e6	4.0	0.999	0.1	0.999
2.0	22.0	0.07535121328224777	3.1711366538952745	998941.0	1.0e6	4.0	0.999	0.1	0.999
2.0	24.0	0.001589825119236884	0.001589825119236884	998941.0	1.0e6	4.0	0.999	0.1	0.999
2.0	26.0	0.1963963963963964	6.906306306306306	998941.0	1.0e6	4.0	0.999	0.1	0.999
2.0	28.0	0.022271714922048998	0.1514476614699332	998941.0	1.0e6	4.0	0.999	0.1	0.999
2.0	29.0	0.07004830917874397	2.031400966183575	998941.0	1.0e6	4.0	0.999	0.1	0.999
2.0	30.0	0.027777777777777776	0.2777777777777778	998941.0	1.0e6	4.0	0.999	0.1	0.999
2.0	31.0	0.005571030640668524	0.011142061281337047	998941.0	1.0e6	4.0	0.999	0.1	0.999
2.0	32.0	0.10067114093959731	3.0201342281879193	998941.0	1.0e6	4.0	0.999	0.1	0.999
2.0	33.0	0.06070287539936102	1.1533546325878594	998941.0	1.0e6	4.0	0.999	0.1	0.999
2.0	35.0	0.5759717314487632	93.88339222614842	998941.0	1.0e6	4.0	0.999	0.1	0.999
2.0	38.0	0.004761904761904762	0.004761904761904762	998941.0	1.0e6	4.0	0.999	0.1	0.999
2.0	39.0	0.03278688524590164	0.19672131147540983	998941.0	1.0e6	4.0	0.999	0.1	0.999
2.0	43.0	0.005847953216374269	0.005847953216374269	998941.0	1.0e6	4.0	0.999	0.1	0.999
2.0	45.0	0.007246376811594203	0.007246376811594203	998941.0	1.0e6	4.0	0.999	0.1	0.999
2.0	49.0	0.03773584905660377	0.09433962264150944	998941.0	1.0e6	4.0	0.999	0.1	0.999
2.0	53.0	0.011235955056179775	0.011235955056179775	998941.0	1.0e6	4.0	0.999	0.1	0.999
2.0	55.0	0.13253012048192772	1.4578313253012047	998941.0	1.0e6	4.0	0.999	0.1	0.999
2.0	56.0	0.1518987341772152	1.8227848101265822	998941.0	1.0e6	4.0	0.999	0.1	0.999
2.0	57.0	0.04054054054054054	0.12162162162162163	998941.0	1.0e6	4.0	0.999	0.1	0.999
2.0	58.0	0.35443037974683544	5.468354430379747	998941.0	1.0e6	4.0	0.999	0.1	0.999
2.0	60.0	1.0491803278688525	67.14754098360656	998941.0	1.0e6	4.0	0.999	0.1	0.999
2.0	65.0	1.6274509803921569	131.86274509803923	998941.0	1.0e6	4.0	0.999	0.1	0.999
2.0	72.0	3.8947368421052633	332.4736842105263	998941.0	1.0e6	4.0	0.999	0.1	0.999
2.0	75.0	8.235294117647058	3442.392156862745	998941.0	1.0e6	4.0	0.999	0.1	0.999
2.0	77.0	0.02040816326530612	0.02040816326530612	998941.0	1.0e6	4.0	0.999	0.1	0.999
2.0	86.0	0.5	8.5	998941.0	1.0e6	4.0	0.999	0.1	0.999
2.0	89.0	6.107142857142857	1044.3214285714287	998941.0	1.0e6	4.0	0.999	0.1	0.999
2.0	94.0	2.9642857142857144	246.03571428571428	998941.0	1.0e6	4.0	0.999	0.1	0.999
2.0	97.0	0.047619047619047616	0.047619047619047616	998941.0	1.0e6	4.0	0.999	0.1	0.999
2.0	98.0	0.3157894736842105	1.894736842105263	998941.0	1.0e6	4.0	0.999	0.1	0.999
2.0	99.0	3.4074074074074074	313.48148148148147	998941.0	1.0e6	4.0	0.999	0.1	0.999
2.0	119.0	0.06666666666666667	0.06666666666666667	998941.0	1.0e6	4.0	0.999	0.1	0.999
2.0	124.0	20.545454545454547	4643.272727272727	998941.0	1.0e6	4.0	0.999	0.1	0.999
2.0	136.0	25.818181818181817	7332.363636363636	998941.0	1.0e6	4.0	0.999	0.1	0.999
2.0	138.0	28.555555555555557	7338.777777777777	998941.0	1.0e6	4.0	0.999	0.1	0.999
2.0	203.0	219.25	192282.25	998941.0	1.0e6	4.0	0.999	0.1	0.999
2.0	385.0	164.0	53792.0	998941.0	1.0e6	4.0	0.999	0.1	0.999
1.0	0.0	2.999732914501549	2234.937515533183	9.989841e6	1.0e7	4.0	0.999	0.1	0.999
1.0	1.0	2.0568799665411963	115.78795483061481	9.989841e6	1.0e7	4.0	0.999	0.1	0.999
1.0	2.0	2.7341500765696782	122.38376722817765	9.989841e6	1.0e7	4.0	0.999	0.1	0.999
1.0	3.0	2.825602968460111	136.39146567717995	9.989841e6	1.0e7	4.0	0.999	0.1	0.999
1.0	4.0	4.43713163064833	462.7691552062868	9.989841e6	1.0e7	4.0	0.999	0.1	0.999
1.0	5.0	5.633279483037157	987.5008077544427	9.989841e6	1.0e7	4.0	0.999	0.1	0.999
1.0	6.0	4.951501154734411	719.7598152424943	9.989841e6	1.0e7	4.0	0.999	0.1	0.999
1.0	7.0	10.15406162464986	18632.73669467787	9.989841e6	1.0e7	4.0	0.999	0.1	0.999
1.0	8.0	4.11969111969112	150.06563706563708	9.989841e6	1.0e7	4.0	0.999	0.1	0.999
1.0	9.0	3.7474747474747474	113.72727272727273	9.989841e6	1.0e7	4.0	0.999	0.1	0.999
1.0	10.0	5.95906432748538	1079.888888888889	9.989841e6	1.0e7	4.0	0.999	0.1	0.999
1.0	11.0	4.951048951048951	233.8181818181818	9.989841e6	1.0e7	4.0	0.999	0.1	0.999
1.0	12.0	4.919354838709677	192.7258064516129	9.989841e6	1.0e7	4.0	0.999	0.1	0.999
1.0	13.0	6.96039603960396	443.0792079207921	9.989841e6	1.0e7	4.0	0.999	0.1	0.999
1.0	14.0	9.635416666666666	1735.3020833333333	9.989841e6	1.0e7	4.0	0.999	0.1	0.999
1.0	15.0	4.7974683544303796	224.873417721519	9.989841e6	1.0e7	4.0	0.999	0.1	0.999
1.0	16.0	11.5	1647.642857142857	9.989841e6	1.0e7	4.0	0.999	0.1	0.999
1.0	17.0	4.983333333333333	202.58333333333334	9.989841e6	1.0e7	4.0	0.999	0.1	0.999
1.0	18.0	8.107692307692307	357.4307692307692	9.989841e6	1.0e7	4.0	0.999	0.1	0.999
1.0	19.0	9.693877551020408	515.1224489795918	9.989841e6	1.0e7	4.0	0.999	0.1	0.999
1.0	20.0	4.631578947368421	74.7719298245614	9.989841e6	1.0e7	4.0	0.999	0.1	0.999
1.0	21.0	13.475	3563.325	9.989841e6	1.0e7	4.0	0.999	0.1	0.999
1.0	22.0	7.588235294117647	203.7058823529412	9.989841e6	1.0e7	4.0	0.999	0.1	0.999
1.0	23.0	8.0	231.52941176470588	9.989841e6	1.0e7	4.0	0.999	0.1	0.999
1.0	24.0	37.96666666666667	24702.5	9.989841e6	1.0e7	4.0	0.999	0.1	0.999
1.0	25.0	3.392857142857143	55.535714285714285	9.989841e6	1.0e7	4.0	0.999	0.1	0.999
1.0	26.0	9.03225806451613	399.80645161290323	9.989841e6	1.0e7	4.0	0.999	0.1	0.999
1.0	27.0	5.541666666666667	82.29166666666667	9.989841e6	1.0e7	4.0	0.999	0.1	0.999
1.0	28.0	14.777777777777779	746.7777777777778	9.989841e6	1.0e7	4.0	0.999	0.1	0.999
1.0	29.0	5.578947368421052	127.05263157894737	9.989841e6	1.0e7	4.0	0.999	0.1	0.999
1.0	30.0	6.476190476190476	138.66666666666666	9.989841e6	1.0e7	4.0	0.999	0.1	0.999
1.0	31.0	7.571428571428571	203.85714285714286	9.989841e6	1.0e7	4.0	0.999	0.1	0.999
1.0	32.0	5.583333333333333	120.08333333333333	9.989841e6	1.0e7	4.0	0.999	0.1	0.999
1.0	33.0	11.647058823529411	409.6470588235294	9.989841e6	1.0e7	4.0	0.999	0.1	0.999
1.0	34.0	7.5625	325.1875	9.989841e6	1.0e7	4.0	0.999	0.1	0.999
1.0	35.0	4.142857142857143	81.57142857142857	9.989841e6	1.0e7	4.0	0.999	0.1	0.999
1.0	36.0	6.5	191.7	9.989841e6	1.0e7	4.0	0.999	0.1	0.999
1.0	37.0	1.5	8.357142857142858	9.989841e6	1.0e7	4.0	0.999	0.1	0.999
1.0	38.0	3.0	18.666666666666668	9.989841e6	1.0e7	4.0	0.999	0.1	0.999
1.0	39.0	8.375	154.125	9.989841e6	1.0e7	4.0	0.999	0.1	0.999
1.0	40.0	20.25	945.25	9.989841e6	1.0e7	4.0	0.999	0.1	0.999
1.0	41.0	25.714285714285715	2672.0	9.989841e6	1.0e7	4.0	0.999	0.1	0.999
1.0	42.0	8.777777777777779	393.8888888888889	9.989841e6	1.0e7	4.0	0.999	0.1	0.999
1.0	43.0	5.2	69.2	9.989841e6	1.0e7	4.0	0.999	0.1	0.999
1.0	44.0	3.6	36.2	9.989841e6	1.0e7	4.0	0.999	0.1	0.999
1.0	45.0	1.9166666666666667	16.083333333333332	9.989841e6	1.0e7	4.0	0.999	0.1	0.999
1.0	46.0	2.4444444444444446	15.333333333333334	9.989841e6	1.0e7	4.0	0.999	0.1	0.999
1.0	47.0	8.125	409.375	9.989841e6	1.0e7	4.0	0.999	0.1	0.999
1.0	48.0	15.75	405.75	9.989841e6	1.0e7	4.0	0.999	0.1	0.999
1.0	49.0	43.833333333333336	9282.5	9.989841e6	1.0e7	4.0	0.999	0.1	0.999
1.0	50.0	16.2	851.8	9.989841e6	1.0e7	4.0	0.999	0.1	0.999
1.0	51.0	25.375	2296.125	9.989841e6	1.0e7	4.0	0.999	0.1	0.999
1.0	52.0	11.0	363.0	9.989841e6	1.0e7	4.0	0.999	0.1	0.999
1.0	53.0	3.5454545454545454	36.45454545454545	9.989841e6	1.0e7	4.0	0.999	0.1	0.999
1.0	54.0	19.833333333333332	1216.5	9.989841e6	1.0e7	4.0	0.999	0.1	0.999
1.0	55.0	3.4285714285714284	20.857142857142858	9.989841e6	1.0e7	4.0	0.999	0.1	0.999
1.0	56.0	7.428571428571429	200.28571428571428	9.989841e6	1.0e7	4.0	0.999	0.1	0.999
1.0	57.0	6.0	276.25	9.989841e6	1.0e7	4.0	0.999	0.1	0.999
1.0	58.0	5.714285714285714	81.42857142857143	9.989841e6	1.0e7	4.0	0.999	0.1	0.999
1.0	59.0	4.25	74.5	9.989841e6	1.0e7	4.0	0.999	0.1	0.999
1.0	60.0	40.75	8246.5	9.989841e6	1.0e7	4.0	0.999	0.1	0.999
1.0	62.0	31.5	5301.25	9.989841e6	1.0e7	4.0	0.999	0.1	0.999
1.0	63.0	40.0	8000.0	9.989841e6	1.0e7	4.0	0.999	0.1	0.999
1.0	64.0	9.8	167.0	9.989841e6	1.0e7	4.0	0.999	0.1	0.999
1.0	65.0	32.8	2324.4	9.989841e6	1.0e7	4.0	0.999	0.1	0.999
1.0	66.0	9.8	480.2	9.989841e6	1.0e7	4.0	0.999	0.1	0.999
1.0	67.0	26.0	1205.0	9.989841e6	1.0e7	4.0	0.999	0.1	0.999
1.0	68.0	11.0	321.0	9.989841e6	1.0e7	4.0	0.999	0.1	0.999
1.0	69.0	50.333333333333336	4233.666666666667	9.989841e6	1.0e7	4.0	0.999	0.1	0.999
1.0	70.0	10.0	200.0	9.989841e6	1.0e7	4.0	0.999	0.1	0.999
1.0	71.0	76.83333333333333	33471.166666666664	9.989841e6	1.0e7	4.0	0.999	0.1	0.999
1.0	73.0	23.333333333333332	1633.3333333333333	9.989841e6	1.0e7	4.0	0.999	0.1	0.999
1.0	74.0	10.6	501.8	9.989841e6	1.0e7	4.0	0.999	0.1	0.999
1.0	75.0	18.857142857142858	1382.857142857143	9.989841e6	1.0e7	4.0	0.999	0.1	0.999
1.0	76.0	20.0	1378.0	9.989841e6	1.0e7	4.0	0.999	0.1	0.999
1.0	77.0	8.0	131.5	9.989841e6	1.0e7	4.0	0.999	0.1	0.999
1.0	79.0	3.5	25.0	9.989841e6	1.0e7	4.0	0.999	0.1	0.999
1.0	82.0	15.5	565.0	9.989841e6	1.0e7	4.0	0.999	0.1	0.999
1.0	84.0	20.0	800.0	9.989841e6	1.0e7	4.0	0.999	0.1	0.999
1.0	85.0	17.5	770.75	9.989841e6	1.0e7	4.0	0.999	0.1	0.999
1.0	86.0	11.666666666666666	308.3333333333333	9.989841e6	1.0e7	4.0	0.999	0.1	0.999
1.0	87.0	4.666666666666667	32.666666666666664	9.989841e6	1.0e7	4.0	0.999	0.1	0.999
1.0	88.0	1.0	2.0	9.989841e6	1.0e7	4.0	0.999	0.1	0.999
1.0	89.0	3.5	18.5	9.989841e6	1.0e7	4.0	0.999	0.1	0.999
1.0	90.0	35.0	2450.0	9.989841e6	1.0e7	4.0	0.999	0.1	0.999
1.0	92.0	0.75	2.25	9.989841e6	1.0e7	4.0	0.999	0.1	0.999
1.0	97.0	0.5	0.5	9.989841e6	1.0e7	4.0	0.999	0.1	0.999
1.0	99.0	11.5	264.5	9.989841e6	1.0e7	4.0	0.999	0.1	0.999
1.0	101.0	15.5	480.5	9.989841e6	1.0e7	4.0	0.999	0.1	0.999
1.0	102.0	117.0	41067.0	9.989841e6	1.0e7	4.0	0.999	0.1	0.999
1.0	104.0	71.0	5077.0	9.989841e6	1.0e7	4.0	0.999	0.1	0.999
1.0	105.0	9.333333333333334	243.33333333333334	9.989841e6	1.0e7	4.0	0.999	0.1	0.999
1.0	106.0	1.5	4.5	9.989841e6	1.0e7	4.0	0.999	0.1	0.999
1.0	108.0	24.0	592.0	9.989841e6	1.0e7	4.0	0.999	0.1	0.999
1.0	109.0	8.0	102.0	9.989841e6	1.0e7	4.0	0.999	0.1	0.999
1.0	110.0	7.5	112.5	9.989841e6	1.0e7	4.0	0.999	0.1	0.999
1.0	112.0	9.5	180.5	9.989841e6	1.0e7	4.0	0.999	0.1	0.999
1.0	119.0	10.8	436.0	9.989841e6	1.0e7	4.0	0.999	0.1	0.999
1.0	121.0	28.0	1992.6666666666667	9.989841e6	1.0e7	4.0	0.999	0.1	0.999
1.0	128.0	4.666666666666667	65.33333333333333	9.989841e6	1.0e7	4.0	0.999	0.1	0.999
1.0	131.0	3.0	18.0	9.989841e6	1.0e7	4.0	0.999	0.1	0.999
1.0	142.0	36.0	1825.0	9.989841e6	1.0e7	4.0	0.999	0.1	0.999
1.0	144.0	7.5	112.5	9.989841e6	1.0e7	4.0	0.999	0.1	0.999
1.0	147.0	11.333333333333334	203.33333333333334	9.989841e6	1.0e7	4.0	0.999	0.1	0.999
1.0	148.0	23.0	1058.0	9.989841e6	1.0e7	4.0	0.999	0.1	0.999
1.0	156.0	27.5	888.5	9.989841e6	1.0e7	4.0	0.999	0.1	0.999
1.0	159.0	3.0	18.0	9.989841e6	1.0e7	4.0	0.999	0.1	0.999
1.0	166.0	7.0	98.0	9.989841e6	1.0e7	4.0	0.999	0.1	0.999
1.0	167.0	0.5	0.5	9.989841e6	1.0e7	4.0	0.999	0.1	0.999
1.0	178.0	14.0	392.0	9.989841e6	1.0e7	4.0	0.999	0.1	0.999
1.0	187.0	1.5	4.5	9.989841e6	1.0e7	4.0	0.999	0.1	0.999
1.0	189.0	50.0	5634.0	9.989841e6	1.0e7	4.0	0.999	0.1	0.999
1.0	200.0	0.5	0.5	9.989841e6	1.0e7	4.0	0.999	0.1	0.999
1.0	202.0	1.5	4.5	9.989841e6	1.0e7	4.0	0.999	0.1	0.999
1.0	355.0	3.5	24.5	9.989841e6	1.0e7	4.0	0.999	0.1	0.999
1.0	596.0	4.0	32.0	9.989841e6	1.0e7	4.0	0.999	0.1	0.999
2.0	0.0	980.8747514910536	9.5204184056664e9	9.989841e6	1.0e7	4.0	0.999	0.1	0.999
2.0	1.0	0.0017610858309960484	0.2711375515882931	9.989841e6	1.0e7	4.0	0.999	0.1	0.999
2.0	2.0	0.003992876153776175	0.770923674075871	9.989841e6	1.0e7	4.0	0.999	0.1	0.999
2.0	3.0	0.005507202783027196	0.19928854943862104	9.989841e6	1.0e7	4.0	0.999	0.1	0.999
2.0	4.0	0.009635230848063137	1.3915102697577304	9.989841e6	1.0e7	4.0	0.999	0.1	0.999
2.0	5.0	0.006868115777924416	0.11037792207285123	9.989841e6	1.0e7	4.0	0.999	0.1	0.999
2.0	6.0	0.016741267077261094	1.5374443418607642	9.989841e6	1.0e7	4.0	0.999	0.1	0.999
2.0	7.0	0.01693904429000969	1.8186901024625808	9.989841e6	1.0e7	4.0	0.999	0.1	0.999
2.0	8.0	0.020568676650951356	4.459172077008765	9.989841e6	1.0e7	4.0	0.999	0.1	0.999
2.0	9.0	0.024434923917860837	2.110119663170335	9.989841e6	1.0e7	4.0	0.999	0.1	0.999
2.0	10.0	0.014145892431102177	0.37111833330202326	9.989841e6	1.0e7	4.0	0.999	0.1	0.999
2.0	11.0	0.06994306686114901	61.21335811414859	9.989841e6	1.0e7	4.0	0.999	0.1	0.999
2.0	12.0	0.03125	5.225861470860314	9.989841e6	1.0e7	4.0	0.999	0.1	0.999
2.0	13.0	0.0880855926041342	32.42152280045705	9.989841e6	1.0e7	4.0	0.999	0.1	0.999
2.0	14.0	0.03063274188148644	2.3851690659524607	9.989841e6	1.0e7	4.0	0.999	0.1	0.999
2.0	15.0	0.06583742286574996	14.20936786356348	9.989841e6	1.0e7	4.0	0.999	0.1	0.999
2.0	16.0	0.037594421847762925	2.1722835560720513	9.989841e6	1.0e7	4.0	0.999	0.1	0.999
2.0	17.0	0.02381109861763344	1.502215755010252	9.989841e6	1.0e7	4.0	0.999	0.1	0.999
2.0	18.0	0.024487944977703877	0.8282064847706144	9.989841e6	1.0e7	4.0	0.999	0.1	0.999
2.0	19.0	0.10543158623075592	39.5531049991351	9.989841e6	1.0e7	4.0	0.999	0.1	0.999
2.0	20.0	0.07490746152347555	4.618059614260666	9.989841e6	1.0e7	4.0	0.999	0.1	0.999
2.0	21.0	0.0786089679078609	6.063625181706363	9.989841e6	1.0e7	4.0	0.999	0.1	0.999
2.0	22.0	0.05461209529627367	2.0357971899816736	9.989841e6	1.0e7	4.0	0.999	0.1	0.999
2.0	23.0	0.03903371093216869	1.709567353623584	9.989841e6	1.0e7	4.0	0.999	0.1	0.999
2.0	24.0	0.027857250414094262	0.7593735883150128	9.989841e6	1.0e7	4.0	0.999	0.1	0.999
2.0	25.0	0.0742838107928048	5.112258494337109	9.989841e6	1.0e7	4.0	0.999	0.1	0.999
2.0	26.0	0.03895612708018154	1.3642208774583964	9.989841e6	1.0e7	4.0	0.999	0.1	0.999
2.0	27.0	0.08997377446035909	15.145450877546903	9.989841e6	1.0e7	4.0	0.999	0.1	0.999
2.0	28.0	0.08603351955307263	10.090055865921787	9.989841e6	1.0e7	4.0	0.999	0.1	0.999
2.0	29.0	0.15019286403085824	44.700819672131146	9.989841e6	1.0e7	4.0	0.999	0.1	0.999
2.0	30.0	0.1998945147679325	55.438818565400844	9.989841e6	1.0e7	4.0	0.999	0.1	0.999
2.0	31.0	0.0599091425326519	4.322827938671209	9.989841e6	1.0e7	4.0	0.999	0.1	0.999
2.0	32.0	0.015454545454545455	0.20939393939393938	9.989841e6	1.0e7	4.0	0.999	0.1	0.999
2.0	33.0	0.22798948751642575	56.777923784494085	9.989841e6	1.0e7	4.0	0.999	0.1	0.999
2.0	34.0	0.05135520684736091	1.985734664764622	9.989841e6	1.0e7	4.0	0.999	0.1	0.999
2.0	35.0	0.09341500765696784	5.48468606431853	9.989841e6	1.0e7	4.0	0.999	0.1	0.999
2.0	36.0	0.05801772763900081	2.008058017727639	9.989841e6	1.0e7	4.0	0.999	0.1	0.999
2.0	37.0	0.28603910868576626	79.03456116416552	9.989841e6	1.0e7	4.0	0.999	0.1	0.999
2.0	38.0	0.009345794392523364	0.08785046728971962	9.989841e6	1.0e7	4.0	0.999	0.1	0.999
2.0	39.0	0.1118421052631579	12.892206477732794	9.989841e6	1.0e7	4.0	0.999	0.1	0.999
2.0	40.0	0.06335335882031677	4.123429819770617	9.989841e6	1.0e7	4.0	0.999	0.1	0.999
2.0	41.0	0.039652362846279196	0.7197175448126019	9.989841e6	1.0e7	4.0	0.999	0.1	0.999
2.0	42.0	0.002408187838651415	0.00481637567730283	9.989841e6	1.0e7	4.0	0.999	0.1	0.999
2.0	43.0	0.0138801261829653	0.2334384858044164	9.989841e6	1.0e7	4.0	0.999	0.1	0.999
2.0	44.0	0.12524850894632206	7.805831676607024	9.989841e6	1.0e7	4.0	0.999	0.1	0.999
2.0	45.0	0.17044623262618874	24.906364301389903	9.989841e6	1.0e7	4.0	0.999	0.1	0.999
2.0	46.0	0.2633158289572393	30.97899474868717	9.989841e6	1.0e7	4.0	0.999	0.1	0.999
2.0	47.0	0.31825273010920435	79.81591263650546	9.989841e6	1.0e7	4.0	0.999	0.1	0.999
2.0	48.0	0.24617860016090104	22.539018503620273	9.989841e6	1.0e7	4.0	0.999	0.1	0.999
2.0	49.0	0.13110539845758354	7.718080548414739	9.989841e6	1.0e7	4.0	0.999	0.1	0.999
2.0	50.0	0.42052679382379654	80.05177111716621	9.989841e6	1.0e7	4.0	0.999	0.1	0.999
2.0	51.0	0.28071833648393196	61.912098298676746	9.989841e6	1.0e7	4.0	0.999	0.1	0.999
2.0	52.0	0.009533898305084746	0.020127118644067795	9.989841e6	1.0e7	4.0	0.999	0.1	0.999
2.0	53.0	0.09498956158663883	4.422755741127348	9.989841e6	1.0e7	4.0	0.999	0.1	0.999
2.0	54.0	0.0011013215859030838	0.0011013215859030838	9.989841e6	1.0e7	4.0	0.999	0.1	0.999
2.0	55.0	0.7258248009101251	450.1387940841866	9.989841e6	1.0e7	4.0	0.999	0.1	0.999
2.0	56.0	0.16707317073170733	11.003658536585366	9.989841e6	1.0e7	4.0	0.999	0.1	0.999
2.0	57.0	0.08953341740226986	3.226986128625473	9.989841e6	1.0e7	4.0	0.999	0.1	0.999
2.0	58.0	0.007863695937090432	0.02621231979030144	9.989841e6	1.0e7	4.0	0.999	0.1	0.999
2.0	59.0	0.27177177177177175	31.33183183183183	9.989841e6	1.0e7	4.0	0.999	0.1	0.999
2.0	60.0	0.029275808936825885	0.31587057010785824	9.989841e6	1.0e7	4.0	0.999	0.1	0.999
2.0	62.0	0.011345218800648298	0.059967585089141004	9.989841e6	1.0e7	4.0	0.999	0.1	0.999
2.0	63.0	0.03863987635239567	0.7557959814528593	9.989841e6	1.0e7	4.0	0.999	0.1	0.999
2.0	64.0	0.03409090909090909	0.5405844155844156	9.989841e6	1.0e7	4.0	0.999	0.1	0.999
2.0	65.0	0.18838028169014084	19.051056338028168	9.989841e6	1.0e7	4.0	0.999	0.1	0.999
2.0	66.0	0.00390625	0.0078125	9.989841e6	1.0e7	4.0	0.999	0.1	0.999
2.0	67.0	0.046263345195729534	0.6654804270462633	9.989841e6	1.0e7	4.0	0.999	0.1	0.999
2.0	68.0	0.5609284332688588	58.91682785299807	9.989841e6	1.0e7	4.0	0.999	0.1	0.999
2.0	69.0	0.8347457627118644	327.22457627118644	9.989841e6	1.0e7	4.0	0.999	0.1	0.999
2.0	70.0	0.3089887640449438	25.155430711610485	9.989841e6	1.0e7	4.0	0.999	0.1	0.999
2.0	71.0	0.06682577565632458	1.8711217183770883	9.989841e6	1.0e7	4.0	0.999	0.1	0.999
2.0	72.0	0.06053811659192825	1.5179372197309418	9.989841e6	1.0e7	4.0	0.999	0.1	0.999
2.0	73.0	0.03255813953488372	0.3395348837209302	9.989841e6	1.0e7	4.0	0.999	0.1	0.999
2.0	74.0	0.20493827160493827	14.382716049382717	9.989841e6	1.0e7	4.0	0.999	0.1	0.999
2.0	77.0	0.5772151898734177	64.47088607594937	9.989841e6	1.0e7	4.0	0.999	0.1	0.999
2.0	78.0	0.010230179028132993	0.04092071611253197	9.989841e6	1.0e7	4.0	0.999	0.1	0.999
2.0	79.0	4.997222222222222	8950.097222222223	9.989841e6	1.0e7	4.0	0.999	0.1	0.999
2.0	80.0	0.859375	224.565625	9.989841e6	1.0e7	4.0	0.999	0.1	0.999
2.0	81.0	0.1529745042492918	8.260623229461757	9.989841e6	1.0e7	4.0	0.999	0.1	0.999
2.0	83.0	0.14450867052023122	7.22543352601156	9.989841e6	1.0e7	4.0	0.999	0.1	0.999
2.0	85.0	0.0036363636363636364	0.0036363636363636364	9.989841e6	1.0e7	4.0	0.999	0.1	0.999
2.0	86.0	0.8661971830985915	178.92253521126761	9.989841e6	1.0e7	4.0	0.999	0.1	0.999
2.0	87.0	0.09059233449477352	2.0209059233449476	9.989841e6	1.0e7	4.0	0.999	0.1	0.999
2.0	88.0	0.06642066420664207	1.1955719557195572	9.989841e6	1.0e7	4.0	0.999	0.1	0.999
2.0	92.0	0.2743362831858407	12.044247787610619	9.989841e6	1.0e7	4.0	0.999	0.1	0.999
2.0	93.0	1.6680851063829787	653.8893617021276	9.989841e6	1.0e7	4.0	0.999	0.1	0.999
2.0	96.0	0.5343915343915344	31.719576719576718	9.989841e6	1.0e7	4.0	0.999	0.1	0.999
2.0	97.0	0.3435897435897436	21.68717948717949	9.989841e6	1.0e7	4.0	0.999	0.1	0.999
2.0	99.0	0.28191489361702127	13.856382978723405	9.989841e6	1.0e7	4.0	0.999	0.1	0.999
2.0	100.0	2.6532663316582914	1364.2713567839196	9.989841e6	1.0e7	4.0	0.999	0.1	0.999
2.0	101.0	0.4308510638297872	26.090425531914892	9.989841e6	1.0e7	4.0	0.999	0.1	0.999
2.0	103.0	0.02030456852791878	0.08121827411167512	9.989841e6	1.0e7	4.0	0.999	0.1	0.999
2.0	108.0	0.19393939393939394	2.3878787878787877	9.989841e6	1.0e7	4.0	0.999	0.1	0.999
2.0	111.0	0.10067114093959731	1.5100671140939597	9.989841e6	1.0e7	4.0	0.999	0.1	0.999
2.0	113.0	0.15584415584415584	3.74025974025974	9.989841e6	1.0e7	4.0	0.999	0.1	0.999
2.0	115.0	0.12837837837837837	2.439189189189189	9.989841e6	1.0e7	4.0	0.999	0.1	0.999
2.0	122.0	0.017241379310344827	0.034482758620689655	9.989841e6	1.0e7	4.0	0.999	0.1	0.999
2.0	125.0	0.024193548387096774	0.07258064516129033	9.989841e6	1.0e7	4.0	0.999	0.1	0.999
2.0	128.0	1.5333333333333334	140.02857142857144	9.989841e6	1.0e7	4.0	0.999	0.1	0.999
2.0	129.0	5.455445544554456	1595.0594059405942	9.989841e6	1.0e7	4.0	0.999	0.1	0.999
2.0	132.0	0.021739130434782608	0.043478260869565216	9.989841e6	1.0e7	4.0	0.999	0.1	0.999
2.0	133.0	0.041237113402061855	0.16494845360824742	9.989841e6	1.0e7	4.0	0.999	0.1	0.999
2.0	136.0	22.88157894736842	27957.697368421053	9.989841e6	1.0e7	4.0	0.999	0.1	0.999
2.0	137.0	0.018691588785046728	0.037383177570093455	9.989841e6	1.0e7	4.0	0.999	0.1	0.999
2.0	139.0	5.213333333333333	2038.4133333333334	9.989841e6	1.0e7	4.0	0.999	0.1	0.999
2.0	143.0	0.047619047619047616	0.09523809523809523	9.989841e6	1.0e7	4.0	0.999	0.1	0.999
2.0	145.0	0.2222222222222222	3.5555555555555554	9.989841e6	1.0e7	4.0	0.999	0.1	0.999
2.0	146.0	0.05263157894736842	0.21052631578947367	9.989841e6	1.0e7	4.0	0.999	0.1	0.999
2.0	147.0	0.016666666666666666	0.016666666666666666	9.989841e6	1.0e7	4.0	0.999	0.1	0.999
2.0	149.0	4.410958904109589	1385.4794520547946	9.989841e6	1.0e7	4.0	0.999	0.1	0.999
2.0	159.0	0.037037037037037035	0.07407407407407407	9.989841e6	1.0e7	4.0	0.999	0.1	0.999
2.0	165.0	3.661290322580645	831.1129032258065	9.989841e6	1.0e7	4.0	0.999	0.1	0.999
2.0	168.0	0.02040816326530612	0.02040816326530612	9.989841e6	1.0e7	4.0	0.999	0.1	0.999
2.0	172.0	0.34210526315789475	4.447368421052632	9.989841e6	1.0e7	4.0	0.999	0.1	0.999
2.0	173.0	0.04878048780487805	0.0975609756097561	9.989841e6	1.0e7	4.0	0.999	0.1	0.999
2.0	186.0	0.025	0.025	9.989841e6	1.0e7	4.0	0.999	0.1	0.999
2.0	197.0	0.02631578947368421	0.02631578947368421	9.989841e6	1.0e7	4.0	0.999	0.1	0.999
2.0	198.0	0.06060606060606061	0.12121212121212122	9.989841e6	1.0e7	4.0	0.999	0.1	0.999
2.0	199.0	1.6756756756756757	103.89189189189189	9.989841e6	1.0e7	4.0	0.999	0.1	0.999
2.0	200.0	1.6578947368421053	104.44736842105263	9.989841e6	1.0e7	4.0	0.999	0.1	0.999
2.0	216.0	0.06896551724137931	0.13793103448275862	9.989841e6	1.0e7	4.0	0.999	0.1	0.999
2.0	219.0	0.037037037037037035	0.037037037037037035	9.989841e6	1.0e7	4.0	0.999	0.1	0.999
2.0	224.0	0.041666666666666664	0.041666666666666664	9.989841e6	1.0e7	4.0	0.999	0.1	0.999
2.0	235.0	2.7222222222222223	133.38888888888889	9.989841e6	1.0e7	4.0	0.999	0.1	0.999
2.0	238.0	5.304347826086956	647.1304347826087	9.989841e6	1.0e7	4.0	0.999	0.1	0.999
2.0	247.0	0.1111111111111111	0.3333333333333333	9.989841e6	1.0e7	4.0	0.999	0.1	0.999
2.0	250.0	38.86363636363637	33228.40909090909	9.989841e6	1.0e7	4.0	0.999	0.1	0.999
2.0	252.0	3.0	180.0	9.989841e6	1.0e7	4.0	0.999	0.1	0.999
2.0	255.0	0.9333333333333333	13.066666666666666	9.989841e6	1.0e7	4.0	0.999	0.1	0.999
2.0	258.0	0.06666666666666667	0.06666666666666667	9.989841e6	1.0e7	4.0	0.999	0.1	0.999
2.0	260.0	0.26666666666666666	1.0666666666666667	9.989841e6	1.0e7	4.0	0.999	0.1	0.999
2.0	273.0	0.3157894736842105	1.894736842105263	9.989841e6	1.0e7	4.0	0.999	0.1	0.999
2.0	275.0	0.2631578947368421	1.3157894736842106	9.989841e6	1.0e7	4.0	0.999	0.1	0.999
2.0	277.0	0.125	0.375	9.989841e6	1.0e7	4.0	0.999	0.1	0.999
2.0	278.0	1.5	20.071428571428573	9.989841e6	1.0e7	4.0	0.999	0.1	0.999
2.0	280.0	0.36363636363636365	1.4545454545454546	9.989841e6	1.0e7	4.0	0.999	0.1	0.999
2.0	293.0	46.92857142857143	30832.071428571428	9.989841e6	1.0e7	4.0	0.999	0.1	0.999
2.0	295.0	11.666666666666666	2041.6666666666667	9.989841e6	1.0e7	4.0	0.999	0.1	0.999
2.0	296.0	246.77777777777777	1.096186888888889e6	9.989841e6	1.0e7	4.0	0.999	0.1	0.999
2.0	305.0	1.4	19.6	9.989841e6	1.0e7	4.0	0.999	0.1	0.999
2.0	340.0	101.83333333333333	124440.33333333333	9.989841e6	1.0e7	4.0	0.999	0.1	0.999
2.0	343.0	0.45454545454545453	2.272727272727273	9.989841e6	1.0e7	4.0	0.999	0.1	0.999
2.0	351.0	12.75	1300.5	9.989841e6	1.0e7	4.0	0.999	0.1	0.999
2.0	363.0	0.1	0.1	9.989841e6	1.0e7	4.0	0.999	0.1	0.999
2.0	365.0	47.63636363636363	24961.454545454544	9.989841e6	1.0e7	4.0	0.999	0.1	0.999
2.0	372.0	3.5	73.5	9.989841e6	1.0e7	4.0	0.999	0.1	0.999
2.0	391.0	131.0	102966.0	9.989841e6	1.0e7	4.0	0.999	0.1	0.999
2.0	404.0	35.166666666666664	7420.166666666667	9.989841e6	1.0e7	4.0	0.999	0.1	0.999
2.0	419.0	1.25	12.5	9.989841e6	1.0e7	4.0	0.999	0.1	0.999
2.0	425.0	1.0	4.0	9.989841e6	1.0e7	4.0	0.999	0.1	0.999
2.0	447.0	300.6666666666667	271201.3333333333	9.989841e6	1.0e7	4.0	0.999	0.1	0.999
2.0	448.0	10.142857142857142	720.1428571428571	9.989841e6	1.0e7	4.0	0.999	0.1	0.999
2.0	456.0	1.5	9.0	9.989841e6	1.0e7	4.0	0.999	0.1	0.999
2.0	539.0	1.25	6.25	9.989841e6	1.0e7	4.0	0.999	0.1	0.999
2.0	540.0	329.6	543180.8	9.989841e6	1.0e7	4.0	0.999	0.1	0.999
2.0	597.0	1093.0	2.389298e6	9.989841e6	1.0e7	4.0	0.999	0.1	0.999
2.0	622.0	0.2	0.2	9.989841e6	1.0e7	4.0	0.999	0.1	0.999
2.0	632.0	840.0	2.1168e6	9.989841e6	1.0e7	4.0	0.999	0.1	0.999
2.0	848.0	12.0	288.0	9.989841e6	1.0e7	4.0	0.999	0.1	0.999
2.0	876.0	4214.0	3.5515592e7	9.989841e6	1.0e7	4.0	0.999	0.1	0.999
2.0	1822.0	1651.0	5.451602e6	9.989841e6	1.0e7	4.0	0.999	0.1	0.999
1.0	0.0	3.000334618097001	4789.904466698785	9.9900257e7	1.0e8	4.0	0.999	0.1	0.999
1.0	1.0	2.084560690705942	395.85675893008295	9.9900257e7	1.0e8	4.0	0.999	0.1	0.999
1.0	2.0	2.596204333386051	403.6240708524435	9.9900257e7	1.0e8	4.0	0.999	0.1	0.999
1.0	3.0	3.3772807906741003	893.0627850988343	9.9900257e7	1.0e8	4.0	0.999	0.1	0.999
1.0	4.0	3.7624151103565366	721.5743845500849	9.9900257e7	1.0e8	4.0	0.999	0.1	0.999
1.0	5.0	3.5749401436552275	143.08204309656824	9.9900257e7	1.0e8	4.0	0.999	0.1	0.999
1.0	6.0	4.518752725686873	471.32250327082426	9.9900257e7	1.0e8	4.0	0.999	0.1	0.999
1.0	7.0	4.658816771970132	579.8879954049397	9.9900257e7	1.0e8	4.0	0.999	0.1	0.999
1.0	8.0	5.729271114539144	692.5715387581952	9.9900257e7	1.0e8	4.0	0.999	0.1	0.999
1.0	9.0	4.909134847752537	225.20686321894635	9.9900257e7	1.0e8	4.0	0.999	0.1	0.999
1.0	10.0	6.076566125290023	1384.9025522041763	9.9900257e7	1.0e8	4.0	0.999	0.1	0.999
1.0	11.0	7.509150326797386	1698.2189542483661	9.9900257e7	1.0e8	4.0	0.999	0.1	0.999
1.0	12.0	7.011006289308176	1103.3317610062893	9.9900257e7	1.0e8	4.0	0.999	0.1	0.999
1.0	13.0	5.5187747035573125	281.72233201581025	9.9900257e7	1.0e8	4.0	0.999	0.1	0.999
1.0	14.0	6.990322580645161	506.1645161290323	9.9900257e7	1.0e8	4.0	0.999	0.1	0.999
1.0	15.0	5.903022670025189	440.9785894206549	9.9900257e7	1.0e8	4.0	0.999	0.1	0.999
1.0	16.0	9.192753623188405	2096.9666666666667	9.9900257e7	1.0e8	4.0	0.999	0.1	0.999
1.0	17.0	8.810207336523126	1593.499202551834	9.9900257e7	1.0e8	4.0	0.999	0.1	0.999
1.0	18.0	11.5177304964539	8162.280141843971	9.9900257e7	1.0e8	4.0	0.999	0.1	0.999
1.0	19.0	7.06236559139785	714.5505376344086	9.9900257e7	1.0e8	4.0	0.999	0.1	0.999
1.0	20.0	8.015625	599.8058035714286	9.9900257e7	1.0e8	4.0	0.999	0.1	0.999
1.0	21.0	8.856796116504855	887.6820388349514	9.9900257e7	1.0e8	4.0	0.999	0.1	0.999
1.0	22.0	7.8102981029810294	439.0460704607046	9.9900257e7	1.0e8	4.0	0.999	0.1	0.999
1.0	23.0	9.377410468319558	1351.6639118457301	9.9900257e7	1.0e8	4.0	0.999	0.1	0.999
1.0	24.0	10.220543806646525	1842.5528700906345	9.9900257e7	1.0e8	4.0	0.999	0.1	0.999
1.0	25.0	10.268852459016394	890.9049180327869	9.9900257e7	1.0e8	4.0	0.999	0.1	0.999
1.0	26.0	15.420494699646643	6348.756183745583	9.9900257e7	1.0e8	4.0	0.999	0.1	0.999
1.0	27.0	9.297297297297296	934.1158301158301	9.9900257e7	1.0e8	4.0	0.999	0.1	0.999
1.0	28.0	9.543478260869565	686.395652173913	9.9900257e7	1.0e8	4.0	0.999	0.1	0.999
1.0	29.0	12.620967741935484	1595.8306451612902	9.9900257e7	1.0e8	4.0	0.999	0.1	0.999
1.0	30.0	16.1	6752.242857142857	9.9900257e7	1.0e8	4.0	0.999	0.1	0.999
1.0	31.0	23.00956937799043	32753.373205741627	9.9900257e7	1.0e8	4.0	0.999	0.1	0.999
1.0	32.0	13.775862068965518	3652.6609195402298	9.9900257e7	1.0e8	4.0	0.999	0.1	0.999
1.0	33.0	9.540697674418604	1002.703488372093	9.9900257e7	1.0e8	4.0	0.999	0.1	0.999
1.0	34.0	7.87248322147651	390.48993288590606	9.9900257e7	1.0e8	4.0	0.999	0.1	0.999
1.0	35.0	12.13013698630137	1293.8972602739725	9.9900257e7	1.0e8	4.0	0.999	0.1	0.999
1.0	36.0	25.007462686567163	15110.335820895523	9.9900257e7	1.0e8	4.0	0.999	0.1	0.999
1.0	37.0	12.42142857142857	2375.2785714285715	9.9900257e7	1.0e8	4.0	0.999	0.1	0.999
1.0	38.0	9.575757575757576	481.1969696969697	9.9900257e7	1.0e8	4.0	0.999	0.1	0.999
1.0	39.0	14.134920634920634	1283.3095238095239	9.9900257e7	1.0e8	4.0	0.999	0.1	0.999
1.0	40.0	10.253846153846155	575.1461538461539	9.9900257e7	1.0e8	4.0	0.999	0.1	0.999
1.0	41.0	29.145454545454545	13337.10909090909	9.9900257e7	1.0e8	4.0	0.999	0.1	0.999
1.0	42.0	7.059322033898305	385.53389830508473	9.9900257e7	1.0e8	4.0	0.999	0.1	0.999
1.0	43.0	28.75824175824176	10764.318681318682	9.9900257e7	1.0e8	4.0	0.999	0.1	0.999
1.0	44.0	9.080808080808081	755.3636363636364	9.9900257e7	1.0e8	4.0	0.999	0.1	0.999
1.0	45.0	9.07865168539326	324.7191011235955	9.9900257e7	1.0e8	4.0	0.999	0.1	0.999
1.0	46.0	25.152941176470588	7300.917647058824	9.9900257e7	1.0e8	4.0	0.999	0.1	0.999
1.0	47.0	11.188235294117646	674.2	9.9900257e7	1.0e8	4.0	0.999	0.1	0.999
1.0	48.0	10.423076923076923	498.14102564102564	9.9900257e7	1.0e8	4.0	0.999	0.1	0.999
1.0	49.0	14.490196078431373	1062.6470588235295	9.9900257e7	1.0e8	4.0	0.999	0.1	0.999
1.0	50.0	5.423529411764706	116.03529411764706	9.9900257e7	1.0e8	4.0	0.999	0.1	0.999
1.0	51.0	7.222222222222222	210.14285714285714	9.9900257e7	1.0e8	4.0	0.999	0.1	0.999
1.0	52.0	9.81159420289855	618.5652173913044	9.9900257e7	1.0e8	4.0	0.999	0.1	0.999
1.0	53.0	30.24	26775.92	9.9900257e7	1.0e8	4.0	0.999	0.1	0.999
1.0	54.0	9.43661971830986	317.38028169014086	9.9900257e7	1.0e8	4.0	0.999	0.1	0.999
1.0	55.0	33.42424242424242	26906.60606060606	9.9900257e7	1.0e8	4.0	0.999	0.1	0.999
1.0	56.0	8.571428571428571	300.85714285714283	9.9900257e7	1.0e8	4.0	0.999	0.1	0.999
1.0	57.0	55.212765957446805	102663.4255319149	9.9900257e7	1.0e8	4.0	0.999	0.1	0.999
1.0	58.0	13.688524590163935	920.639344262295	9.9900257e7	1.0e8	4.0	0.999	0.1	0.999
1.0	59.0	268.3777777777778	3.0549449555555554e6	9.9900257e7	1.0e8	4.0	0.999	0.1	0.999
1.0	60.0	10.444444444444445	366.51851851851853	9.9900257e7	1.0e8	4.0	0.999	0.1	0.999
1.0	61.0	9.634615384615385	1213.4038461538462	9.9900257e7	1.0e8	4.0	0.999	0.1	0.999
1.0	62.0	16.85	1027.2166666666667	9.9900257e7	1.0e8	4.0	0.999	0.1	0.999
1.0	63.0	68.16666666666667	63832.61111111111	9.9900257e7	1.0e8	4.0	0.999	0.1	0.999
1.0	64.0	42.91891891891892	15051.72972972973	9.9900257e7	1.0e8	4.0	0.999	0.1	0.999
1.0	65.0	17.944444444444443	1475.5	9.9900257e7	1.0e8	4.0	0.999	0.1	0.999
1.0	66.0	7.574468085106383	772.3829787234042	9.9900257e7	1.0e8	4.0	0.999	0.1	0.999
1.0	67.0	29.181818181818183	13095.181818181818	9.9900257e7	1.0e8	4.0	0.999	0.1	0.999
1.0	68.0	17.75862068965517	3221.7586206896553	9.9900257e7	1.0e8	4.0	0.999	0.1	0.999
1.0	69.0	20.216216216216218	2420.2702702702704	9.9900257e7	1.0e8	4.0	0.999	0.1	0.999
1.0	70.0	27.657894736842106	7527.868421052632	9.9900257e7	1.0e8	4.0	0.999	0.1	0.999
1.0	71.0	14.129032258064516	1074.5806451612902	9.9900257e7	1.0e8	4.0	0.999	0.1	0.999
1.0	72.0	20.452380952380953	2012.642857142857	9.9900257e7	1.0e8	4.0	0.999	0.1	0.999
1.0	73.0	19.142857142857142	2466.6857142857143	9.9900257e7	1.0e8	4.0	0.999	0.1	0.999
1.0	74.0	59.57142857142857	70173.74285714286	9.9900257e7	1.0e8	4.0	0.999	0.1	0.999
1.0	75.0	18.464285714285715	1388.4642857142858	9.9900257e7	1.0e8	4.0	0.999	0.1	0.999
1.0	76.0	13.423076923076923	885.4230769230769	9.9900257e7	1.0e8	4.0	0.999	0.1	0.999
1.0	77.0	25.136363636363637	7271.0	9.9900257e7	1.0e8	4.0	0.999	0.1	0.999
1.0	78.0	24.379310344827587	13691.689655172413	9.9900257e7	1.0e8	4.0	0.999	0.1	0.999
1.0	79.0	22.151515151515152	3201.969696969697	9.9900257e7	1.0e8	4.0	0.999	0.1	0.999
1.0	80.0	11.46875	549.09375	9.9900257e7	1.0e8	4.0	0.999	0.1	0.999
1.0	81.0	14.89655172413793	1083.5172413793102	9.9900257e7	1.0e8	4.0	0.999	0.1	0.999
1.0	82.0	40.708333333333336	14974.625	9.9900257e7	1.0e8	4.0	0.999	0.1	0.999
1.0	83.0	11.954545454545455	905.6818181818181	9.9900257e7	1.0e8	4.0	0.999	0.1	0.999
1.0	84.0	18.125	2098.875	9.9900257e7	1.0e8	4.0	0.999	0.1	0.999
1.0	85.0	20.952380952380953	2246.095238095238	9.9900257e7	1.0e8	4.0	0.999	0.1	0.999
1.0	86.0	28.055555555555557	8201.833333333334	9.9900257e7	1.0e8	4.0	0.999	0.1	0.999
1.0	87.0	26.473684210526315	4285.210526315789	9.9900257e7	1.0e8	4.0	0.999	0.1	0.999
1.0	88.0	3.9523809523809526	100.33333333333333	9.9900257e7	1.0e8	4.0	0.999	0.1	0.999
1.0	89.0	17.095238095238095	1323.095238095238	9.9900257e7	1.0e8	4.0	0.999	0.1	0.999
1.0	90.0	62.12	53827.0	9.9900257e7	1.0e8	4.0	0.999	0.1	0.999
1.0	91.0	20.48	1807.6	9.9900257e7	1.0e8	4.0	0.999	0.1	0.999
1.0	92.0	8.057142857142857	334.62857142857143	9.9900257e7	1.0e8	4.0	0.999	0.1	0.999
1.0	93.0	8.666666666666666	148.13333333333333	9.9900257e7	1.0e8	4.0	0.999	0.1	0.999
1.0	94.0	10.695652173913043	605.0434782608696	9.9900257e7	1.0e8	4.0	0.999	0.1	0.999
1.0	95.0	10.2	1157.5	9.9900257e7	1.0e8	4.0	0.999	0.1	0.999
1.0	96.0	14.44	1227.8	9.9900257e7	1.0e8	4.0	0.999	0.1	0.999
1.0	97.0	13.5	1554.75	9.9900257e7	1.0e8	4.0	0.999	0.1	0.999
1.0	98.0	8.9	191.7	9.9900257e7	1.0e8	4.0	0.999	0.1	0.999
1.0	99.0	10.25	864.875	9.9900257e7	1.0e8	4.0	0.999	0.1	0.999
1.0	100.0	13.85	682.55	9.9900257e7	1.0e8	4.0	0.999	0.1	0.999
1.0	101.0	16.428571428571427	1274.7142857142858	9.9900257e7	1.0e8	4.0	0.999	0.1	0.999
1.0	102.0	12.05	1323.65	9.9900257e7	1.0e8	4.0	0.999	0.1	0.999
1.0	103.0	14.235294117647058	699.2941176470588	9.9900257e7	1.0e8	4.0	0.999	0.1	0.999
1.0	104.0	69.35714285714286	27813.35714285714	9.9900257e7	1.0e8	4.0	0.999	0.1	0.999
1.0	105.0	23.565217391304348	2756.9565217391305	9.9900257e7	1.0e8	4.0	0.999	0.1	0.999
1.0	106.0	24.5	2428.214285714286	9.9900257e7	1.0e8	4.0	0.999	0.1	0.999
1.0	107.0	10.375	328.0	9.9900257e7	1.0e8	4.0	0.999	0.1	0.999
1.0	108.0	18.444444444444443	910.8888888888889	9.9900257e7	1.0e8	4.0	0.999	0.1	0.999
1.0	109.0	36.61538461538461	9042.461538461539	9.9900257e7	1.0e8	4.0	0.999	0.1	0.999
1.0	110.0	11.526315789473685	1029.0	9.9900257e7	1.0e8	4.0	0.999	0.1	0.999
1.0	111.0	35.38461538461539	3179.3846153846152	9.9900257e7	1.0e8	4.0	0.999	0.1	0.999
1.0	112.0	18.333333333333332	1264.8666666666666	9.9900257e7	1.0e8	4.0	0.999	0.1	0.999
1.0	113.0	26.066666666666666	4612.2	9.9900257e7	1.0e8	4.0	0.999	0.1	0.999
1.0	114.0	17.72222222222222	2500.0555555555557	9.9900257e7	1.0e8	4.0	0.999	0.1	0.999
1.0	115.0	122.17647058823529	228101.4705882353	9.9900257e7	1.0e8	4.0	0.999	0.1	0.999
1.0	116.0	45.5	8178.722222222223	9.9900257e7	1.0e8	4.0	0.999	0.1	0.999
1.0	117.0	17.0	1956.6666666666667	9.9900257e7	1.0e8	4.0	0.999	0.1	0.999
1.0	118.0	18.076923076923077	2153.6153846153848	9.9900257e7	1.0e8	4.0	0.999	0.1	0.999
1.0	120.0	14.4375	910.0625	9.9900257e7	1.0e8	4.0	0.999	0.1	0.999
1.0	121.0	42.23529411764706	10267.411764705883	9.9900257e7	1.0e8	4.0	0.999	0.1	0.999
1.0	122.0	22.105263157894736	2464.2105263157896	9.9900257e7	1.0e8	4.0	0.999	0.1	0.999
1.0	123.0	2.6	22.8	9.9900257e7	1.0e8	4.0	0.999	0.1	0.999
1.0	124.0	15.166666666666666	710.5	9.9900257e7	1.0e8	4.0	0.999	0.1	0.999
1.0	125.0	20.833333333333332	1314.8333333333333	9.9900257e7	1.0e8	4.0	0.999	0.1	0.999
1.0	126.0	24.65	1630.55	9.9900257e7	1.0e8	4.0	0.999	0.1	0.999
1.0	127.0	14.0	770.8	9.9900257e7	1.0e8	4.0	0.999	0.1	0.999
1.0	128.0	10.923076923076923	480.3076923076923	9.9900257e7	1.0e8	4.0	0.999	0.1	0.999
1.0	129.0	8.866666666666667	255.8	9.9900257e7	1.0e8	4.0	0.999	0.1	0.999
1.0	130.0	15.25	1080.25	9.9900257e7	1.0e8	4.0	0.999	0.1	0.999
1.0	131.0	10.5	447.6666666666667	9.9900257e7	1.0e8	4.0	0.999	0.1	0.999
1.0	132.0	0.45454545454545453	2.272727272727273	9.9900257e7	1.0e8	4.0	0.999	0.1	0.999
1.0	133.0	33.64705882352941	3962.705882352941	9.9900257e7	1.0e8	4.0	0.999	0.1	0.999
1.0	134.0	34.142857142857146	6044.714285714285	9.9900257e7	1.0e8	4.0	0.999	0.1	0.999
1.0	135.0	12.0	553.8333333333334	9.9900257e7	1.0e8	4.0	0.999	0.1	0.999
1.0	136.0	39.75	4428.5	9.9900257e7	1.0e8	4.0	0.999	0.1	0.999
1.0	137.0	26.5	1790.5	9.9900257e7	1.0e8	4.0	0.999	0.1	0.999
1.0	138.0	13.75	593.25	9.9900257e7	1.0e8	4.0	0.999	0.1	0.999
1.0	139.0	47.90909090909091	7049.545454545455	9.9900257e7	1.0e8	4.0	0.999	0.1	0.999
1.0	140.0	19.857142857142858	1589.857142857143	9.9900257e7	1.0e8	4.0	0.999	0.1	0.999
1.0	141.0	4.2727272727272725	101.54545454545455	9.9900257e7	1.0e8	4.0	0.999	0.1	0.999
1.0	142.0	37.42857142857143	4722.571428571428	9.9900257e7	1.0e8	4.0	0.999	0.1	0.999
1.0	143.0	17.363636363636363	725.1818181818181	9.9900257e7	1.0e8	4.0	0.999	0.1	0.999
1.0	144.0	40.375	6535.625	9.9900257e7	1.0e8	4.0	0.999	0.1	0.999
1.0	145.0	33.2	8928.2	9.9900257e7	1.0e8	4.0	0.999	0.1	0.999
1.0	146.0	7.625	170.625	9.9900257e7	1.0e8	4.0	0.999	0.1	0.999
1.0	147.0	21.444444444444443	1489.6666666666667	9.9900257e7	1.0e8	4.0	0.999	0.1	0.999
1.0	148.0	38.0	5102.6	9.9900257e7	1.0e8	4.0	0.999	0.1	0.999
1.0	149.0	9.222222222222221	452.1111111111111	9.9900257e7	1.0e8	4.0	0.999	0.1	0.999
1.0	150.0	23.0	4122.833333333333	9.9900257e7	1.0e8	4.0	0.999	0.1	0.999
1.0	151.0	36.23076923076923	14199.76923076923	9.9900257e7	1.0e8	4.0	0.999	0.1	0.999
1.0	152.0	37.42857142857143	8881.42857142857	9.9900257e7	1.0e8	4.0	0.999	0.1	0.999
1.0	153.0	1.6	12.8	9.9900257e7	1.0e8	4.0	0.999	0.1	0.999
1.0	154.0	158.5	100489.0	9.9900257e7	1.0e8	4.0	0.999	0.1	0.999
1.0	155.0	274.6666666666667	300053.0	9.9900257e7	1.0e8	4.0	0.999	0.1	0.999
1.0	156.0	17.833333333333332	1166.1666666666667	9.9900257e7	1.0e8	4.0	0.999	0.1	0.999
1.0	157.0	12.4	338.8	9.9900257e7	1.0e8	4.0	0.999	0.1	0.999
1.0	158.0	3.5	50.0	9.9900257e7	1.0e8	4.0	0.999	0.1	0.999
1.0	159.0	129.0	138294.27272727274	9.9900257e7	1.0e8	4.0	0.999	0.1	0.999
1.0	160.0	20.555555555555557	839.8888888888889	9.9900257e7	1.0e8	4.0	0.999	0.1	0.999
1.0	161.0	9.88888888888889	542.7777777777778	9.9900257e7	1.0e8	4.0	0.999	0.1	0.999
1.0	162.0	23.5	1047.75	9.9900257e7	1.0e8	4.0	0.999	0.1	0.999
1.0	163.0	7.6	106.0	9.9900257e7	1.0e8	4.0	0.999	0.1	0.999
1.0	164.0	20.0	2000.0	9.9900257e7	1.0e8	4.0	0.999	0.1	0.999
1.0	165.0	8.8	214.0	9.9900257e7	1.0e8	4.0	0.999	0.1	0.999
1.0	166.0	7.0	196.0	9.9900257e7	1.0e8	4.0	0.999	0.1	0.999
1.0	167.0	11.6	295.2	9.9900257e7	1.0e8	4.0	0.999	0.1	0.999
1.0	168.0	11.555555555555555	468.6666666666667	9.9900257e7	1.0e8	4.0	0.999	0.1	0.999
1.0	169.0	24.666666666666668	1638.6666666666667	9.9900257e7	1.0e8	4.0	0.999	0.1	0.999
1.0	170.0	20.166666666666668	1101.1666666666667	9.9900257e7	1.0e8	4.0	0.999	0.1	0.999
1.0	171.0	8.333333333333334	224.66666666666666	9.9900257e7	1.0e8	4.0	0.999	0.1	0.999
1.0	172.0	24.166666666666668	2983.0	9.9900257e7	1.0e8	4.0	0.999	0.1	0.999
1.0	173.0	23.833333333333332	1389.1666666666667	9.9900257e7	1.0e8	4.0	0.999	0.1	0.999
1.0	174.0	14.2	371.8	9.9900257e7	1.0e8	4.0	0.999	0.1	0.999
1.0	175.0	22.875	1069.375	9.9900257e7	1.0e8	4.0	0.999	0.1	0.999
1.0	176.0	115.0	49553.857142857145	9.9900257e7	1.0e8	4.0	0.999	0.1	0.999
1.0	177.0	27.833333333333332	2370.5	9.9900257e7	1.0e8	4.0	0.999	0.1	0.999
1.0	178.0	19.0	859.0	9.9900257e7	1.0e8	4.0	0.999	0.1	0.999
1.0	179.0	59.142857142857146	14042.857142857143	9.9900257e7	1.0e8	4.0	0.999	0.1	0.999
1.0	180.0	118.44444444444444	38590.666666666664	9.9900257e7	1.0e8	4.0	0.999	0.1	0.999
1.0	181.0	130.0	65300.5	9.9900257e7	1.0e8	4.0	0.999	0.1	0.999
1.0	182.0	1.0	4.0	9.9900257e7	1.0e8	4.0	0.999	0.1	0.999
1.0	184.0	39.25	3082.25	9.9900257e7	1.0e8	4.0	0.999	0.1	0.999
1.0	185.0	1.75	12.25	9.9900257e7	1.0e8	4.0	0.999	0.1	0.999
1.0	186.0	39.333333333333336	3743.6666666666665	9.9900257e7	1.0e8	4.0	0.999	0.1	0.999
1.0	187.0	4.75	60.25	9.9900257e7	1.0e8	4.0	0.999	0.1	0.999
1.0	189.0	21.5	1405.0	9.9900257e7	1.0e8	4.0	0.999	0.1	0.999
1.0	190.0	3.5	40.833333333333336	9.9900257e7	1.0e8	4.0	0.999	0.1	0.999
1.0	191.0	30.4	2416.4	9.9900257e7	1.0e8	4.0	0.999	0.1	0.999
1.0	192.0	18.75	731.25	9.9900257e7	1.0e8	4.0	0.999	0.1	0.999
1.0	193.0	6.857142857142857	130.57142857142858	9.9900257e7	1.0e8	4.0	0.999	0.1	0.999
1.0	194.0	78.57142857142857	31854.285714285714	9.9900257e7	1.0e8	4.0	0.999	0.1	0.999
1.0	196.0	29.0	3364.0	9.9900257e7	1.0e8	4.0	0.999	0.1	0.999
1.0	197.0	5.166666666666667	78.83333333333333	9.9900257e7	1.0e8	4.0	0.999	0.1	0.999
1.0	198.0	32.5	2112.5	9.9900257e7	1.0e8	4.0	0.999	0.1	0.999
1.0	199.0	27.2	1328.4	9.9900257e7	1.0e8	4.0	0.999	0.1	0.999
1.0	200.0	27.0	1422.6	9.9900257e7	1.0e8	4.0	0.999	0.1	0.999
1.0	201.0	27.857142857142858	2050.1428571428573	9.9900257e7	1.0e8	4.0	0.999	0.1	0.999
1.0	202.0	22.857142857142858	1827.4285714285713	9.9900257e7	1.0e8	4.0	0.999	0.1	0.999
1.0	203.0	30.857142857142858	2857.4285714285716	9.9900257e7	1.0e8	4.0	0.999	0.1	0.999
1.0	204.0	12.5	451.5	9.9900257e7	1.0e8	4.0	0.999	0.1	0.999
1.0	205.0	4.4	48.8	9.9900257e7	1.0e8	4.0	0.999	0.1	0.999
1.0	206.0	40.5	4715.166666666667	9.9900257e7	1.0e8	4.0	0.999	0.1	0.999
1.0	207.0	23.666666666666668	1680.3333333333333	9.9900257e7	1.0e8	4.0	0.999	0.1	0.999
1.0	208.0	18.0	698.0	9.9900257e7	1.0e8	4.0	0.999	0.1	0.999
1.0	209.0	33.0	2722.6	9.9900257e7	1.0e8	4.0	0.999	0.1	0.999
1.0	210.0	28.166666666666668	4486.833333333333	9.9900257e7	1.0e8	4.0	0.999	0.1	0.999
1.0	211.0	18.0	1172.0	9.9900257e7	1.0e8	4.0	0.999	0.1	0.999
1.0	212.0	26.333333333333332	2080.3333333333335	9.9900257e7	1.0e8	4.0	0.999	0.1	0.999
1.0	214.0	22.0	1936.0	9.9900257e7	1.0e8	4.0	0.999	0.1	0.999
1.0	215.0	101.66666666666667	31008.333333333332	9.9900257e7	1.0e8	4.0	0.999	0.1	0.999
1.0	216.0	12.75	445.25	9.9900257e7	1.0e8	4.0	0.999	0.1	0.999
1.0	217.0	54.8	7799.2	9.9900257e7	1.0e8	4.0	0.999	0.1	0.999
1.0	218.0	1.25	2.75	9.9900257e7	1.0e8	4.0	0.999	0.1	0.999
1.0	219.0	5.75	81.25	9.9900257e7	1.0e8	4.0	0.999	0.1	0.999
1.0	220.0	4.0	48.0	9.9900257e7	1.0e8	4.0	0.999	0.1	0.999
1.0	221.0	26.0	1430.6666666666667	9.9900257e7	1.0e8	4.0	0.999	0.1	0.999
1.0	222.0	3.6666666666666665	40.333333333333336	9.9900257e7	1.0e8	4.0	0.999	0.1	0.999
1.0	223.0	17.833333333333332	1264.1666666666667	9.9900257e7	1.0e8	4.0	0.999	0.1	0.999
1.0	224.0	72.5	14714.5	9.9900257e7	1.0e8	4.0	0.999	0.1	0.999
1.0	225.0	12.8	343.2	9.9900257e7	1.0e8	4.0	0.999	0.1	0.999
1.0	226.0	125.8	44265.8	9.9900257e7	1.0e8	4.0	0.999	0.1	0.999
1.0	227.0	59.666666666666664	10680.333333333334	9.9900257e7	1.0e8	4.0	0.999	0.1	0.999
1.0	228.0	0.6666666666666666	1.3333333333333333	9.9900257e7	1.0e8	4.0	0.999	0.1	0.999
1.0	229.0	50.333333333333336	7401.666666666667	9.9900257e7	1.0e8	4.0	0.999	0.1	0.999
1.0	230.0	0.5	0.5	9.9900257e7	1.0e8	4.0	0.999	0.1	0.999
1.0	231.0	8.0	192.0	9.9900257e7	1.0e8	4.0	0.999	0.1	0.999
1.0	232.0	18.0	902.6666666666666	9.9900257e7	1.0e8	4.0	0.999	0.1	0.999
1.0	233.0	13.666666666666666	308.3333333333333	9.9900257e7	1.0e8	4.0	0.999	0.1	0.999
1.0	234.0	24.75	2450.25	9.9900257e7	1.0e8	4.0	0.999	0.1	0.999
1.0	235.0	27.0	2113.6666666666665	9.9900257e7	1.0e8	4.0	0.999	0.1	0.999
1.0	236.0	11.5	264.5	9.9900257e7	1.0e8	4.0	0.999	0.1	0.999
1.0	237.0	13.2	437.2	9.9900257e7	1.0e8	4.0	0.999	0.1	0.999
1.0	238.0	19.4	1125.8	9.9900257e7	1.0e8	4.0	0.999	0.1	0.999
1.0	239.0	42.75	3721.25	9.9900257e7	1.0e8	4.0	0.999	0.1	0.999
1.0	243.0	297.42857142857144	501606.28571428574	9.9900257e7	1.0e8	4.0	0.999	0.1	0.999
1.0	245.0	45.4	5189.0	9.9900257e7	1.0e8	4.0	0.999	0.1	0.999
1.0	246.0	107.25	29560.25	9.9900257e7	1.0e8	4.0	0.999	0.1	0.999
1.0	247.0	8.0	157.42857142857142	9.9900257e7	1.0e8	4.0	0.999	0.1	0.999
1.0	248.0	5.0	75.0	9.9900257e7	1.0e8	4.0	0.999	0.1	0.999
1.0	250.0	16.571428571428573	1139.7142857142858	9.9900257e7	1.0e8	4.0	0.999	0.1	0.999
1.0	251.0	11.666666666666666	292.3333333333333	9.9900257e7	1.0e8	4.0	0.999	0.1	0.999
1.0	252.0	97.33333333333333	28421.333333333332	9.9900257e7	1.0e8	4.0	0.999	0.1	0.999
1.0	253.0	28.0	1024.6666666666667	9.9900257e7	1.0e8	4.0	0.999	0.1	0.999
1.0	256.0	30.6	2969.8	9.9900257e7	1.0e8	4.0	0.999	0.1	0.999
1.0	257.0	59.666666666666664	5348.333333333333	9.9900257e7	1.0e8	4.0	0.999	0.1	0.999
1.0	258.0	22.5	1012.5	9.9900257e7	1.0e8	4.0	0.999	0.1	0.999
1.0	259.0	9.0	255.4	9.9900257e7	1.0e8	4.0	0.999	0.1	0.999
1.0	261.0	40.0	3414.0	9.9900257e7	1.0e8	4.0	0.999	0.1	0.999
1.0	262.0	35.666666666666664	3795.0	9.9900257e7	1.0e8	4.0	0.999	0.1	0.999
1.0	263.0	18.333333333333332	1008.3333333333334	9.9900257e7	1.0e8	4.0	0.999	0.1	0.999
1.0	264.0	210.5	71336.5	9.9900257e7	1.0e8	4.0	0.999	0.1	0.999
1.0	265.0	1.6666666666666667	8.333333333333334	9.9900257e7	1.0e8	4.0	0.999	0.1	0.999
1.0	266.0	2008.5	7.7841045e6	9.9900257e7	1.0e8	4.0	0.999	0.1	0.999
1.0	267.0	6.75	157.25	9.9900257e7	1.0e8	4.0	0.999	0.1	0.999
1.0	268.0	54.5	8443.5	9.9900257e7	1.0e8	4.0	0.999	0.1	0.999
1.0	269.0	28.0	1810.0	9.9900257e7	1.0e8	4.0	0.999	0.1	0.999
1.0	270.0	44.0	3872.0	9.9900257e7	1.0e8	4.0	0.999	0.1	0.999
1.0	274.0	23.666666666666668	1680.3333333333333	9.9900257e7	1.0e8	4.0	0.999	0.1	0.999
1.0	275.0	15.0	450.0	9.9900257e7	1.0e8	4.0	0.999	0.1	0.999
1.0	276.0	134.0	34856.0	9.9900257e7	1.0e8	4.0	0.999	0.1	0.999
1.0	277.0	70.0	5292.666666666667	9.9900257e7	1.0e8	4.0	0.999	0.1	0.999
1.0	279.0	14.5	420.5	9.9900257e7	1.0e8	4.0	0.999	0.1	0.999
1.0	283.0	114.5	26220.5	9.9900257e7	1.0e8	4.0	0.999	0.1	0.999
1.0	286.0	49.0	7203.0	9.9900257e7	1.0e8	4.0	0.999	0.1	0.999
1.0	287.0	117.5	35933.0	9.9900257e7	1.0e8	4.0	0.999	0.1	0.999
1.0	289.0	47.5	4512.5	9.9900257e7	1.0e8	4.0	0.999	0.1	0.999
1.0	293.0	40.333333333333336	2808.3333333333335	9.9900257e7	1.0e8	4.0	0.999	0.1	0.999
1.0	294.0	37.333333333333336	3893.3333333333335	9.9900257e7	1.0e8	4.0	0.999	0.1	0.999
1.0	297.0	24.5	656.5	9.9900257e7	1.0e8	4.0	0.999	0.1	0.999
1.0	300.0	49.666666666666664	6140.333333333333	9.9900257e7	1.0e8	4.0	0.999	0.1	0.999
1.0	301.0	34.5	2380.5	9.9900257e7	1.0e8	4.0	0.999	0.1	0.999
1.0	304.0	17.0	578.0	9.9900257e7	1.0e8	4.0	0.999	0.1	0.999
1.0	305.0	0.3333333333333333	0.3333333333333333	9.9900257e7	1.0e8	4.0	0.999	0.1	0.999
1.0	309.0	11.5	222.5	9.9900257e7	1.0e8	4.0	0.999	0.1	0.999
1.0	310.0	2.0	8.0	9.9900257e7	1.0e8	4.0	0.999	0.1	0.999
1.0	312.0	44.0	3872.0	9.9900257e7	1.0e8	4.0	0.999	0.1	0.999
1.0	313.0	4.666666666666667	32.666666666666664	9.9900257e7	1.0e8	4.0	0.999	0.1	0.999
1.0	314.0	0.5	0.5	9.9900257e7	1.0e8	4.0	0.999	0.1	0.999
1.0	316.0	148.5	44104.5	9.9900257e7	1.0e8	4.0	0.999	0.1	0.999
1.0	320.0	33.333333333333336	3202.6666666666665	9.9900257e7	1.0e8	4.0	0.999	0.1	0.999
1.0	322.0	6.333333333333333	120.33333333333333	9.9900257e7	1.0e8	4.0	0.999	0.1	0.999
1.0	323.0	22.0	500.0	9.9900257e7	1.0e8	4.0	0.999	0.1	0.999
1.0	325.0	64.5	8320.5	9.9900257e7	1.0e8	4.0	0.999	0.1	0.999
1.0	329.0	22.5	1012.5	9.9900257e7	1.0e8	4.0	0.999	0.1	0.999
1.0	330.0	108.0	12105.0	9.9900257e7	1.0e8	4.0	0.999	0.1	0.999
1.0	331.0	52.0	4204.4	9.9900257e7	1.0e8	4.0	0.999	0.1	0.999
1.0	332.0	8.5	144.5	9.9900257e7	1.0e8	4.0	0.999	0.1	0.999
1.0	334.0	65.0	10875.0	9.9900257e7	1.0e8	4.0	0.999	0.1	0.999
1.0	338.0	18.333333333333332	1008.3333333333334	9.9900257e7	1.0e8	4.0	0.999	0.1	0.999
1.0	345.0	27.5	1512.5	9.9900257e7	1.0e8	4.0	0.999	0.1	0.999
1.0	347.0	67.33333333333333	12321.333333333334	9.9900257e7	1.0e8	4.0	0.999	0.1	0.999
1.0	355.0	82.0	7085.0	9.9900257e7	1.0e8	4.0	0.999	0.1	0.999
1.0	358.0	3.6666666666666665	40.333333333333336	9.9900257e7	1.0e8	4.0	0.999	0.1	0.999
1.0	367.0	149.0	23357.0	9.9900257e7	1.0e8	4.0	0.999	0.1	0.999
1.0	368.0	29.0	1682.0	9.9900257e7	1.0e8	4.0	0.999	0.1	0.999
1.0	369.0	5.666666666666667	96.33333333333333	9.9900257e7	1.0e8	4.0	0.999	0.1	0.999
1.0	375.0	105.0	15381.0	9.9900257e7	1.0e8	4.0	0.999	0.1	0.999
1.0	376.0	17.5	306.5	9.9900257e7	1.0e8	4.0	0.999	0.1	0.999
1.0	378.0	75.5	11400.5	9.9900257e7	1.0e8	4.0	0.999	0.1	0.999
1.0	380.0	18.666666666666668	1045.3333333333333	9.9900257e7	1.0e8	4.0	0.999	0.1	0.999
1.0	385.0	1.5	4.5	9.9900257e7	1.0e8	4.0	0.999	0.1	0.999
1.0	388.0	32.666666666666664	2667.3333333333335	9.9900257e7	1.0e8	4.0	0.999	0.1	0.999
1.0	392.0	3.0	18.0	9.9900257e7	1.0e8	4.0	0.999	0.1	0.999
1.0	393.0	370.6666666666667	412181.3333333333	9.9900257e7	1.0e8	4.0	0.999	0.1	0.999
1.0	396.0	28.5	1624.5	9.9900257e7	1.0e8	4.0	0.999	0.1	0.999
1.0	398.0	5.5	60.5	9.9900257e7	1.0e8	4.0	0.999	0.1	0.999
1.0	401.0	8.8	254.0	9.9900257e7	1.0e8	4.0	0.999	0.1	0.999
1.0	402.0	1.3333333333333333	5.333333333333333	9.9900257e7	1.0e8	4.0	0.999	0.1	0.999
1.0	403.0	21.0	1323.0	9.9900257e7	1.0e8	4.0	0.999	0.1	0.999
1.0	404.0	21.0	882.0	9.9900257e7	1.0e8	4.0	0.999	0.1	0.999
1.0	406.0	56.25	6392.75	9.9900257e7	1.0e8	4.0	0.999	0.1	0.999
1.0	415.0	41.0	5043.0	9.9900257e7	1.0e8	4.0	0.999	0.1	0.999
1.0	417.0	156.5	42582.5	9.9900257e7	1.0e8	4.0	0.999	0.1	0.999
1.0	419.0	30.5	1860.5	9.9900257e7	1.0e8	4.0	0.999	0.1	0.999
1.0	421.0	5.666666666666667	96.33333333333333	9.9900257e7	1.0e8	4.0	0.999	0.1	0.999
1.0	425.0	90.66666666666667	24661.333333333332	9.9900257e7	1.0e8	4.0	0.999	0.1	0.999
1.0	426.0	79.0	6770.0	9.9900257e7	1.0e8	4.0	0.999	0.1	0.999
1.0	430.0	15.5	480.5	9.9900257e7	1.0e8	4.0	0.999	0.1	0.999
1.0	431.0	60.0	4689.0	9.9900257e7	1.0e8	4.0	0.999	0.1	0.999
1.0	464.0	22.0	968.0	9.9900257e7	1.0e8	4.0	0.999	0.1	0.999
1.0	467.0	4.5	40.5	9.9900257e7	1.0e8	4.0	0.999	0.1	0.999
1.0	469.0	90.4	38748.8	9.9900257e7	1.0e8	4.0	0.999	0.1	0.999
1.0	471.0	38.666666666666664	4485.333333333333	9.9900257e7	1.0e8	4.0	0.999	0.1	0.999
1.0	475.0	7.0	98.0	9.9900257e7	1.0e8	4.0	0.999	0.1	0.999
1.0	476.0	8.5	144.5	9.9900257e7	1.0e8	4.0	0.999	0.1	0.999
1.0	485.0	241.5	116644.5	9.9900257e7	1.0e8	4.0	0.999	0.1	0.999
1.0	503.0	22.0	680.0	9.9900257e7	1.0e8	4.0	0.999	0.1	0.999
1.0	505.0	6.0	72.0	9.9900257e7	1.0e8	4.0	0.999	0.1	0.999
1.0	506.0	20.666666666666668	790.6666666666666	9.9900257e7	1.0e8	4.0	0.999	0.1	0.999
1.0	508.0	53.0	5210.0	9.9900257e7	1.0e8	4.0	0.999	0.1	0.999
1.0	512.0	111.5	24864.5	9.9900257e7	1.0e8	4.0	0.999	0.1	0.999
1.0	522.0	20.0	800.0	9.9900257e7	1.0e8	4.0	0.999	0.1	0.999
1.0	532.0	18.75	808.25	9.9900257e7	1.0e8	4.0	0.999	0.1	0.999
1.0	536.0	1.0	2.0	9.9900257e7	1.0e8	4.0	0.999	0.1	0.999
1.0	539.0	6.0	72.0	9.9900257e7	1.0e8	4.0	0.999	0.1	0.999
1.0	540.0	4.0	32.0	9.9900257e7	1.0e8	4.0	0.999	0.1	0.999
1.0	544.0	165.0	30474.0	9.9900257e7	1.0e8	4.0	0.999	0.1	0.999
1.0	547.0	37.5	1748.5	9.9900257e7	1.0e8	4.0	0.999	0.1	0.999
1.0	578.0	8.0	128.0	9.9900257e7	1.0e8	4.0	0.999	0.1	0.999
1.0	586.0	44.5	1982.5	9.9900257e7	1.0e8	4.0	0.999	0.1	0.999
1.0	600.0	50.5	5100.5	9.9900257e7	1.0e8	4.0	0.999	0.1	0.999
1.0	617.0	108.33333333333333	23432.333333333332	9.9900257e7	1.0e8	4.0	0.999	0.1	0.999
1.0	625.0	64.5	4972.5	9.9900257e7	1.0e8	4.0	0.999	0.1	0.999
1.0	627.0	38.0	2468.0	9.9900257e7	1.0e8	4.0	0.999	0.1	0.999
1.0	633.0	186.5	59904.5	9.9900257e7	1.0e8	4.0	0.999	0.1	0.999
1.0	637.0	7.5	112.5	9.9900257e7	1.0e8	4.0	0.999	0.1	0.999
1.0	652.0	12.5	312.5	9.9900257e7	1.0e8	4.0	0.999	0.1	0.999
1.0	659.0	53.0	8013.666666666667	9.9900257e7	1.0e8	4.0	0.999	0.1	0.999
1.0	723.0	19.666666666666668	1121.6666666666667	9.9900257e7	1.0e8	4.0	0.999	0.1	0.999
1.0	763.0	16.0	390.0	9.9900257e7	1.0e8	4.0	0.999	0.1	0.999
1.0	775.0	166.0	55112.0	9.9900257e7	1.0e8	4.0	0.999	0.1	0.999
1.0	794.0	23.0	1058.0	9.9900257e7	1.0e8	4.0	0.999	0.1	0.999
1.0	807.0	4.0	32.0	9.9900257e7	1.0e8	4.0	0.999	0.1	0.999
1.0	824.0	71.5	10224.5	9.9900257e7	1.0e8	4.0	0.999	0.1	0.999
1.0	858.0	12.0	288.0	9.9900257e7	1.0e8	4.0	0.999	0.1	0.999
1.0	895.0	80.5	12960.5	9.9900257e7	1.0e8	4.0	0.999	0.1	0.999
1.0	919.0	1.5	4.5	9.9900257e7	1.0e8	4.0	0.999	0.1	0.999
1.0	938.0	109.0	23762.0	9.9900257e7	1.0e8	4.0	0.999	0.1	0.999
1.0	1440.0	34.5	2380.5	9.9900257e7	1.0e8	4.0	0.999	0.1	0.999
2.0	0.0	990.0965549142248	9.546110437296233e10	9.9900257e7	1.0e8	4.0	0.999	0.1	0.999
2.0	1.0	0.0014432039539705901	0.11779363792655663	9.9900257e7	1.0e8	4.0	0.999	0.1	0.999
2.0	2.0	0.0034337361899145716	0.5824296050270681	9.9900257e7	1.0e8	4.0	0.999	0.1	0.999
2.0	3.0	0.00524387013139322	0.8498112819320709	9.9900257e7	1.0e8	4.0	0.999	0.1	0.999
2.0	4.0	0.008365327065617588	3.8451994522628237	9.9900257e7	1.0e8	4.0	0.999	0.1	0.999
2.0	5.0	0.009784325760951186	1.9454310213212773	9.9900257e7	1.0e8	4.0	0.999	0.1	0.999
2.0	6.0	0.024103809849541198	137.57107051714914	9.9900257e7	1.0e8	4.0	0.999	0.1	0.999
2.0	7.0	0.019078440947879853	16.895142239916566	9.9900257e7	1.0e8	4.0	0.999	0.1	0.999
2.0	8.0	0.018665863060032116	2.121330358789373	9.9900257e7	1.0e8	4.0	0.999	0.1	0.999
2.0	9.0	0.024040415942498602	10.898868824932984	9.9900257e7	1.0e8	4.0	0.999	0.1	0.999
2.0	10.0	0.027789845056145755	2.3316520636926623	9.9900257e7	1.0e8	4.0	0.999	0.1	0.999
2.0	11.0	0.035307828134196584	19.656426133019423	9.9900257e7	1.0e8	4.0	0.999	0.1	0.999
2.0	12.0	0.03560291812023072	9.76559580216487	9.9900257e7	1.0e8	4.0	0.999	0.1	0.999
2.0	13.0	0.033732374886642554	5.671625799629553	9.9900257e7	1.0e8	4.0	0.999	0.1	0.999
2.0	14.0	0.04255514782710456	21.044477694281678	9.9900257e7	1.0e8	4.0	0.999	0.1	0.999
2.0	15.0	0.04553206504160663	8.414248189204818	9.9900257e7	1.0e8	4.0	0.999	0.1	0.999
2.0	16.0	0.03817409815052188	5.223327916132576	9.9900257e7	1.0e8	4.0	0.999	0.1	0.999
2.0	17.0	0.0572602703348647	9.594849563162228	9.9900257e7	1.0e8	4.0	0.999	0.1	0.999
2.0	18.0	0.05647679020410644	12.941601403753978	9.9900257e7	1.0e8	4.0	0.999	0.1	0.999
2.0	19.0	0.05429095955112349	16.6301078234488	9.9900257e7	1.0e8	4.0	0.999	0.1	0.999
2.0	20.0	0.07991869048892693	128.2762286392328	9.9900257e7	1.0e8	4.0	0.999	0.1	0.999
2.0	21.0	0.08641114211062398	77.53625835879721	9.9900257e7	1.0e8	4.0	0.999	0.1	0.999
2.0	22.0	0.0668676112710158	23.951217403120406	9.9900257e7	1.0e8	4.0	0.999	0.1	0.999
2.0	23.0	0.08336652428891239	41.45873563060527	9.9900257e7	1.0e8	4.0	0.999	0.1	0.999
2.0	24.0	0.15745679539150842	561.4916943521595	9.9900257e7	1.0e8	4.0	0.999	0.1	0.999
2.0	25.0	0.09000522404408419	43.67673278171922	9.9900257e7	1.0e8	4.0	0.999	0.1	0.999
2.0	26.0	0.13682767309580715	89.17275304318827	9.9900257e7	1.0e8	4.0	0.999	0.1	0.999
2.0	27.0	0.12739402195688757	89.68016267329114	9.9900257e7	1.0e8	4.0	0.999	0.1	0.999
2.0	28.0	0.08769016142961536	17.696848911623377	9.9900257e7	1.0e8	4.0	0.999	0.1	0.999
2.0	29.0	0.06972900716976546	6.312820512820513	9.9900257e7	1.0e8	4.0	0.999	0.1	0.999
2.0	30.0	0.12895987328405492	121.59126187961985	9.9900257e7	1.0e8	4.0	0.999	0.1	0.999
2.0	31.0	0.21773714156311036	431.88530019531805	9.9900257e7	1.0e8	4.0	0.999	0.1	0.999
2.0	32.0	0.07125854020465576	7.260549664574768	9.9900257e7	1.0e8	4.0	0.999	0.1	0.999
2.0	33.0	0.12151823270294439	21.059947669989732	9.9900257e7	1.0e8	4.0	0.999	0.1	0.999
2.0	34.0	0.10063585663031509	15.508685304252069	9.9900257e7	1.0e8	4.0	0.999	0.1	0.999
2.0	35.0	0.31538136731795324	931.4664312310468	9.9900257e7	1.0e8	4.0	0.999	0.1	0.999
2.0	36.0	0.29665013415724856	286.5525245954956	9.9900257e7	1.0e8	4.0	0.999	0.1	0.999
2.0	37.0	0.08623197989683905	10.849270378697703	9.9900257e7	1.0e8	4.0	0.999	0.1	0.999
2.0	38.0	0.10012158623269735	25.415965207631874	9.9900257e7	1.0e8	4.0	0.999	0.1	0.999
2.0	39.0	0.14986471590339714	69.89282493235795	9.9900257e7	1.0e8	4.0	0.999	0.1	0.999
2.0	40.0	0.12158571580401743	37.982357317462004	9.9900257e7	1.0e8	4.0	0.999	0.1	0.999
2.0	41.0	0.10973829046388858	17.920813209030666	9.9900257e7	1.0e8	4.0	0.999	0.1	0.999
2.0	42.0	1.0545595330275777	13842.820120316874	9.9900257e7	1.0e8	4.0	0.999	0.1	0.999
2.0	43.0	0.19347022063512306	74.37954342558348	9.9900257e7	1.0e8	4.0	0.999	0.1	0.999
2.0	44.0	0.45930932940704056	747.292531120332	9.9900257e7	1.0e8	4.0	0.999	0.1	0.999
2.0	45.0	0.14932388459035362	22.733458673801433	9.9900257e7	1.0e8	4.0	0.999	0.1	0.999
2.0	46.0	0.39697740535687565	167.80966631752207	9.9900257e7	1.0e8	4.0	0.999	0.1	0.999
2.0	47.0	0.29761439186546734	697.8007821666015	9.9900257e7	1.0e8	4.0	0.999	0.1	0.999
2.0	48.0	0.09850746268656717	9.772139303482588	9.9900257e7	1.0e8	4.0	0.999	0.1	0.999
2.0	49.0	1.0485286525554982	3274.63878850456	9.9900257e7	1.0e8	4.0	0.999	0.1	0.999
2.0	50.0	0.2374467296646285	282.29988882712615	9.9900257e7	1.0e8	4.0	0.999	0.1	0.999
2.0	51.0	0.40551671295852887	1032.884972703764	9.9900257e7	1.0e8	4.0	0.999	0.1	0.999
2.0	52.0	0.45351999194279385	808.7008762211703	9.9900257e7	1.0e8	4.0	0.999	0.1	0.999
2.0	53.0	0.07749921980651202	6.22500780193488	9.9900257e7	1.0e8	4.0	0.999	0.1	0.999
2.0	54.0	0.06839914501068736	4.385420182247722	9.9900257e7	1.0e8	4.0	0.999	0.1	0.999
2.0	55.0	0.33951497860199714	104.8982406086543	9.9900257e7	1.0e8	4.0	0.999	0.1	0.999
2.0	56.0	0.29099055461370793	98.43630418987648	9.9900257e7	1.0e8	4.0	0.999	0.1	0.999
2.0	57.0	0.09897997733282962	23.25979095831759	9.9900257e7	1.0e8	4.0	0.999	0.1	0.999
2.0	58.0	0.5118905274345689	423.57287099774146	9.9900257e7	1.0e8	4.0	0.999	0.1	0.999
2.0	59.0	0.5708057938405288	1999.668541695964	9.9900257e7	1.0e8	4.0	0.999	0.1	0.999
2.0	60.0	0.3107614498454622	211.39561674627706	9.9900257e7	1.0e8	4.0	0.999	0.1	0.999
2.0	61.0	1.5258940495622495	8967.918830687046	9.9900257e7	1.0e8	4.0	0.999	0.1	0.999
2.0	62.0	0.08675078864353312	7.462776025236593	9.9900257e7	1.0e8	4.0	0.999	0.1	0.999
2.0	63.0	0.2919214676536852	82.56742838751207	9.9900257e7	1.0e8	4.0	0.999	0.1	0.999
2.0	64.0	0.1378839590443686	21.791808873720136	9.9900257e7	1.0e8	4.0	0.999	0.1	0.999
2.0	65.0	0.9555279943302623	3515.1667257264353	9.9900257e7	1.0e8	4.0	0.999	0.1	0.999
2.0	66.0	0.09820619677477804	6.34716434136619	9.9900257e7	1.0e8	4.0	0.999	0.1	0.999
2.0	67.0	0.08095061269959153	8.829558113627924	9.9900257e7	1.0e8	4.0	0.999	0.1	0.999
2.0	68.0	0.23692003948667326	171.5056268509378	9.9900257e7	1.0e8	4.0	0.999	0.1	0.999
2.0	69.0	0.6625430947069559	537.7329142161833	9.9900257e7	1.0e8	4.0	0.999	0.1	0.999
2.0	70.0	0.3484912877178071	114.60220994475138	9.9900257e7	1.0e8	4.0	0.999	0.1	0.999
2.0	71.0	0.20120898100172713	34.44170984455958	9.9900257e7	1.0e8	4.0	0.999	0.1	0.999
2.0	72.0	1.7737073962439138	8793.840018548573	9.9900257e7	1.0e8	4.0	0.999	0.1	0.999
2.0	73.0	0.11739441660701504	19.75662133142448	9.9900257e7	1.0e8	4.0	0.999	0.1	0.999
2.0	74.0	0.18578847969782813	26.22780925401322	9.9900257e7	1.0e8	4.0	0.999	0.1	0.999
2.0	75.0	0.11542313470205308	14.478968452679018	9.9900257e7	1.0e8	4.0	0.999	0.1	0.999
2.0	76.0	0.08404029692470838	5.619565217391305	9.9900257e7	1.0e8	4.0	0.999	0.1	0.999
2.0	77.0	0.524851431658563	547.5821177741761	9.9900257e7	1.0e8	4.0	0.999	0.1	0.999
2.0	78.0	0.22500673672864457	36.059552681218	9.9900257e7	1.0e8	4.0	0.999	0.1	0.999
2.0	79.0	0.49247491638795987	346.1797658862876	9.9900257e7	1.0e8	4.0	0.999	0.1	0.999
2.0	80.0	0.11771700356718193	9.414387633769323	9.9900257e7	1.0e8	4.0	0.999	0.1	0.999
2.0	81.0	0.10914010823812387	7.805472038484666	9.9900257e7	1.0e8	4.0	0.999	0.1	0.999
2.0	82.0	0.2326780534966162	31.787302610377054	9.9900257e7	1.0e8	4.0	0.999	0.1	0.999
2.0	83.0	0.41325024598228927	192.19678583142013	9.9900257e7	1.0e8	4.0	0.999	0.1	0.999
2.0	84.0	0.3012524719841793	53.01054713249835	9.9900257e7	1.0e8	4.0	0.999	0.1	0.999
2.0	85.0	0.5859806629834254	652.7330801104972	9.9900257e7	1.0e8	4.0	0.999	0.1	0.999
2.0	86.0	0.25946142649199416	43.54767103347889	9.9900257e7	1.0e8	4.0	0.999	0.1	0.999
2.0	87.0	0.6079048618398041	653.1136761105281	9.9900257e7	1.0e8	4.0	0.999	0.1	0.999
2.0	88.0	0.5993365278289716	270.9745669001106	9.9900257e7	1.0e8	4.0	0.999	0.1	0.999
2.0	89.0	1.6866791744840526	5176.220262664165	9.9900257e7	1.0e8	4.0	0.999	0.1	0.999
2.0	90.0	0.05513685045616819	1.3966679888932962	9.9900257e7	1.0e8	4.0	0.999	0.1	0.999
2.0	91.0	0.2193293885601578	27.491913214990138	9.9900257e7	1.0e8	4.0	0.999	0.1	0.999
2.0	92.0	1.2546738678853344	2479.233901121728	9.9900257e7	1.0e8	4.0	0.999	0.1	0.999
2.0	93.0	0.6638584667228307	283.87447346251054	9.9900257e7	1.0e8	4.0	0.999	0.1	0.999
2.0	94.0	0.3561301084236864	218.96413678065053	9.9900257e7	1.0e8	4.0	0.999	0.1	0.999
2.0	95.0	0.1542674577818348	38.366042902784116	9.9900257e7	1.0e8	4.0	0.999	0.1	0.999
2.0	96.0	0.16064814814814815	10.934722222222222	9.9900257e7	1.0e8	4.0	0.999	0.1	0.999
2.0	97.0	0.8340365682137834	528.9568682606657	9.9900257e7	1.0e8	4.0	0.999	0.1	0.999
2.0	98.0	0.950937950937951	1008.7267917267917	9.9900257e7	1.0e8	4.0	0.999	0.1	0.999
2.0	99.0	0.7734258800198315	468.76747645017355	9.9900257e7	1.0e8	4.0	0.999	0.1	0.999
2.0	100.0	0.47609254498714654	90.10899742930592	9.9900257e7	1.0e8	4.0	0.999	0.1	0.999
2.0	101.0	2.078410872974386	2600.009409304757	9.9900257e7	1.0e8	4.0	0.999	0.1	0.999
2.0	102.0	1.417064122946476	897.5898251192369	9.9900257e7	1.0e8	4.0	0.999	0.1	0.999
2.0	103.0	0.6111423747889702	231.82779966235228	9.9900257e7	1.0e8	4.0	0.999	0.1	0.999
2.0	104.0	0.2832009080590238	43.521566401816116	9.9900257e7	1.0e8	4.0	0.999	0.1	0.999
2.0	105.0	1.5821342925659472	1238.6948441247002	9.9900257e7	1.0e8	4.0	0.999	0.1	0.999
2.0	106.0	2.7054673721340388	9119.318048206937	9.9900257e7	1.0e8	4.0	0.999	0.1	0.999
2.0	107.0	0.40244612696563775	78.72044263249855	9.9900257e7	1.0e8	4.0	0.999	0.1	0.999
2.0	108.0	0.5605970149253732	230.84955223880598	9.9900257e7	1.0e8	4.0	0.999	0.1	0.999
2.0	109.0	0.3957286432160804	234.6645728643216	9.9900257e7	1.0e8	4.0	0.999	0.1	0.999
2.0	110.0	0.1923821820529374	32.35119431891543	9.9900257e7	1.0e8	4.0	0.999	0.1	0.999
2.0	111.0	0.08322237017310254	5.555925432756325	9.9900257e7	1.0e8	4.0	0.999	0.1	0.999
2.0	112.0	0.1166335321404904	7.5281643472498345	9.9900257e7	1.0e8	4.0	0.999	0.1	0.999
2.0	113.0	0.2021783526208305	47.08168822328114	9.9900257e7	1.0e8	4.0	0.999	0.1	0.999
2.0	114.0	0.3663853727144866	50.30731364275668	9.9900257e7	1.0e8	4.0	0.999	0.1	0.999
2.0	115.0	1.4838245866283248	1094.5219266714594	9.9900257e7	1.0e8	4.0	0.999	0.1	0.999
2.0	116.0	0.5283159463487332	194.4090909090909	9.9900257e7	1.0e8	4.0	0.999	0.1	0.999
2.0	117.0	1.0797950219619326	1308.132503660322	9.9900257e7	1.0e8	4.0	0.999	0.1	0.999
2.0	118.0	1.394904458598726	1778.8471337579617	9.9900257e7	1.0e8	4.0	0.999	0.1	0.999
2.0	119.0	2.105939004815409	4771.512038523275	9.9900257e7	1.0e8	4.0	0.999	0.1	0.999
2.0	120.0	0.2191358024691358	51.13117283950617	9.9900257e7	1.0e8	4.0	0.999	0.1	0.999
2.0	121.0	0.043689320388349516	1.5436893203883495	9.9900257e7	1.0e8	4.0	0.999	0.1	0.999
2.0	122.0	0.2327150084317032	29.69477234401349	9.9900257e7	1.0e8	4.0	0.999	0.1	0.999
2.0	123.0	0.7654639175257731	213.06786941580756	9.9900257e7	1.0e8	4.0	0.999	0.1	0.999
2.0	124.0	0.04840103716508211	1.2203975799481417	9.9900257e7	1.0e8	4.0	0.999	0.1	0.999
2.0	125.0	0.8666666666666667	716.8126126126126	9.9900257e7	1.0e8	4.0	0.999	0.1	0.999
2.0	126.0	0.2777276825969342	38.2560865644725	9.9900257e7	1.0e8	4.0	0.999	0.1	0.999
2.0	127.0	0.08258527827648116	2.378815080789946	9.9900257e7	1.0e8	4.0	0.999	0.1	0.999
2.0	128.0	0.6328273244781784	399.7618595825427	9.9900257e7	1.0e8	4.0	0.999	0.1	0.999
2.0	129.0	1.4801548886737657	845.5285575992256	9.9900257e7	1.0e8	4.0	0.999	0.1	0.999
2.0	130.0	0.06327900287631831	2.2435282837967403	9.9900257e7	1.0e8	4.0	0.999	0.1	0.999
2.0	131.0	0.09575518262586377	5.22309970384995	9.9900257e7	1.0e8	4.0	0.999	0.1	0.999
2.0	132.0	0.3648509763617677	56.726618705035975	9.9900257e7	1.0e8	4.0	0.999	0.1	0.999
2.0	133.0	0.011398963730569948	0.046632124352331605	9.9900257e7	1.0e8	4.0	0.999	0.1	0.999
2.0	134.0	0.03023758099352052	0.4427645788336933	9.9900257e7	1.0e8	4.0	0.999	0.1	0.999
2.0	135.0	0.3090727816550349	89.81256231306082	9.9900257e7	1.0e8	4.0	0.999	0.1	0.999
2.0	136.0	0.15494505494505495	19.493406593406593	9.9900257e7	1.0e8	4.0	0.999	0.1	0.999
2.0	137.0	0.07025246981339188	2.575192096597146	9.9900257e7	1.0e8	4.0	0.999	0.1	0.999
2.0	138.0	0.03416856492027335	0.89749430523918	9.9900257e7	1.0e8	4.0	0.999	0.1	0.999
2.0	139.0	0.21785714285714286	20.327380952380953	9.9900257e7	1.0e8	4.0	0.999	0.1	0.999
2.0	140.0	1.8509852216748768	2770.942118226601	9.9900257e7	1.0e8	4.0	0.999	0.1	0.999
2.0	141.0	0.046674445740956826	1.5309218203033839	9.9900257e7	1.0e8	4.0	0.999	0.1	0.999
2.0	142.0	0.14742014742014742	11.86977886977887	9.9900257e7	1.0e8	4.0	0.999	0.1	0.999
2.0	143.0	1.3059895833333333	911.32421875	9.9900257e7	1.0e8	4.0	0.999	0.1	0.999
2.0	144.0	0.8651832460732984	275.8232984293194	9.9900257e7	1.0e8	4.0	0.999	0.1	0.999
2.0	145.0	0.04648241206030151	0.878140703517588	9.9900257e7	1.0e8	4.0	0.999	0.1	0.999
2.0	146.0	3.343324250681199	3154.4495912806537	9.9900257e7	1.0e8	4.0	0.999	0.1	0.999
2.0	147.0	5.771883289124668	20901.206896551725	9.9900257e7	1.0e8	4.0	0.999	0.1	0.999
2.0	148.0	4.225930680359435	13659.94351732991	9.9900257e7	1.0e8	4.0	0.999	0.1	0.999
2.0	149.0	0.4522207267833109	82.84253028263795	9.9900257e7	1.0e8	4.0	0.999	0.1	0.999
2.0	150.0	0.1738544474393531	11.044474393530997	9.9900257e7	1.0e8	4.0	0.999	0.1	0.999
2.0	151.0	4.772980501392758	8550.009749303621	9.9900257e7	1.0e8	4.0	0.999	0.1	0.999
2.0	152.0	0.013293943870014771	0.051698670605613	9.9900257e7	1.0e8	4.0	0.999	0.1	0.999
2.0	153.0	0.12039660056657224	7.927762039660057	9.9900257e7	1.0e8	4.0	0.999	0.1	0.999
2.0	154.0	0.2470059880239521	20.516467065868262	9.9900257e7	1.0e8	4.0	0.999	0.1	0.999
2.0	155.0	1.0044910179640718	650.2290419161677	9.9900257e7	1.0e8	4.0	0.999	0.1	0.999
2.0	156.0	0.3789954337899543	51.794520547945204	9.9900257e7	1.0e8	4.0	0.999	0.1	0.999
2.0	157.0	0.09390444810543658	1.8039538714991763	9.9900257e7	1.0e8	4.0	0.999	0.1	0.999
2.0	158.0	0.30782029950083195	17.945091514143094	9.9900257e7	1.0e8	4.0	0.999	0.1	0.999
2.0	159.0	0.2848	23.1424	9.9900257e7	1.0e8	4.0	0.999	0.1	0.999
2.0	160.0	0.13312202852614896	6.665610142630745	9.9900257e7	1.0e8	4.0	0.999	0.1	0.999
2.0	161.0	2.186291739894552	1490.432337434095	9.9900257e7	1.0e8	4.0	0.999	0.1	0.999
2.0	162.0	3.92	5093.79	9.9900257e7	1.0e8	4.0	0.999	0.1	0.999
2.0	163.0	0.04470198675496689	0.8923841059602649	9.9900257e7	1.0e8	4.0	0.999	0.1	0.999
2.0	164.0	1.0903328050713155	198.53882725832014	9.9900257e7	1.0e8	4.0	0.999	0.1	0.999
2.0	165.0	4.381918819188192	6371.440959409594	9.9900257e7	1.0e8	4.0	0.999	0.1	0.999
2.0	166.0	0.273224043715847	32.63387978142077	9.9900257e7	1.0e8	4.0	0.999	0.1	0.999
2.0	167.0	0.12144212523719165	4.072106261859583	9.9900257e7	1.0e8	4.0	0.999	0.1	0.999
2.0	168.0	0.0914179104477612	1.3227611940298507	9.9900257e7	1.0e8	4.0	0.999	0.1	0.999
2.0	169.0	0.1992818671454219	12.827648114901256	9.9900257e7	1.0e8	4.0	0.999	0.1	0.999
2.0	170.0	0.0499001996007984	0.8323353293413174	9.9900257e7	1.0e8	4.0	0.999	0.1	0.999
2.0	171.0	0.8110687022900763	272.43702290076334	9.9900257e7	1.0e8	4.0	0.999	0.1	0.999
2.0	172.0	5.153688524590164	12776.965163934427	9.9900257e7	1.0e8	4.0	0.999	0.1	0.999
2.0	173.0	0.04448742746615087	1.02321083172147	9.9900257e7	1.0e8	4.0	0.999	0.1	0.999
2.0	174.0	0.29835390946502055	30.623456790123456	9.9900257e7	1.0e8	4.0	0.999	0.1	0.999
2.0	175.0	0.11320754716981132	4.20125786163522	9.9900257e7	1.0e8	4.0	0.999	0.1	0.999
2.0	176.0	0.1257606490872211	4.811359026369169	9.9900257e7	1.0e8	4.0	0.999	0.1	0.999
2.0	177.0	0.05530973451327434	1.3827433628318584	9.9900257e7	1.0e8	4.0	0.999	0.1	0.999
2.0	178.0	4.585421412300684	8914.161731207289	9.9900257e7	1.0e8	4.0	0.999	0.1	0.999
2.0	179.0	0.5641646489104116	124.81598062953995	9.9900257e7	1.0e8	4.0	0.999	0.1	0.999
2.0	180.0	0.7418655097613883	242.0954446854664	9.9900257e7	1.0e8	4.0	0.999	0.1	0.999
2.0	181.0	0.058673469387755105	1.2372448979591837	9.9900257e7	1.0e8	4.0	0.999	0.1	0.999
2.0	182.0	0.9401709401709402	216.68376068376068	9.9900257e7	1.0e8	4.0	0.999	0.1	0.999
2.0	183.0	0.8732394366197183	316.2018779342723	9.9900257e7	1.0e8	4.0	0.999	0.1	0.999
2.0	184.0	0.0696629213483146	1.0179775280898877	9.9900257e7	1.0e8	4.0	0.999	0.1	0.999
2.0	185.0	0.20103092783505155	11.597938144329897	9.9900257e7	1.0e8	4.0	0.999	0.1	0.999
2.0	186.0	0.002364066193853428	0.002364066193853428	9.9900257e7	1.0e8	4.0	0.999	0.1	0.999
2.0	187.0	0.07654320987654321	1.1975308641975309	9.9900257e7	1.0e8	4.0	0.999	0.1	0.999
2.0	188.0	0.13701923076923078	4.709134615384615	9.9900257e7	1.0e8	4.0	0.999	0.1	0.999
2.0	189.0	5.084699453551913	8227.53825136612	9.9900257e7	1.0e8	4.0	0.999	0.1	0.999
2.0	190.0	0.39952153110047844	57.82057416267943	9.9900257e7	1.0e8	4.0	0.999	0.1	0.999
2.0	192.0	0.9559228650137741	331.7052341597796	9.9900257e7	1.0e8	4.0	0.999	0.1	0.999
2.0	193.0	0.04404145077720207	0.5207253886010362	9.9900257e7	1.0e8	4.0	0.999	0.1	0.999
2.0	196.0	0.030612244897959183	0.3673469387755102	9.9900257e7	1.0e8	4.0	0.999	0.1	0.999
2.0	199.0	0.005865102639296188	0.011730205278592375	9.9900257e7	1.0e8	4.0	0.999	0.1	0.999
2.0	200.0	0.03823529411764706	0.4970588235294118	9.9900257e7	1.0e8	4.0	0.999	0.1	0.999
2.0	201.0	0.45231607629427795	60.566757493188014	9.9900257e7	1.0e8	4.0	0.999	0.1	0.999
2.0	203.0	0.2085889570552147	12.613496932515337	9.9900257e7	1.0e8	4.0	0.999	0.1	0.999
2.0	204.0	0.422360248447205	55.77639751552795	9.9900257e7	1.0e8	4.0	0.999	0.1	0.999
2.0	206.0	0.36070381231671556	39.56891495601173	9.9900257e7	1.0e8	4.0	0.999	0.1	0.999
2.0	207.0	0.7760736196319018	99.1319018404908	9.9900257e7	1.0e8	4.0	0.999	0.1	0.999
2.0	208.0	0.024054982817869417	0.12714776632302405	9.9900257e7	1.0e8	4.0	0.999	0.1	0.999
2.0	209.0	0.12063492063492064	2.806349206349206	9.9900257e7	1.0e8	4.0	0.999	0.1	0.999
2.0	210.0	0.9124087591240876	215.64233576642334	9.9900257e7	1.0e8	4.0	0.999	0.1	0.999
2.0	211.0	0.36271186440677966	37.3864406779661	9.9900257e7	1.0e8	4.0	0.999	0.1	0.999
2.0	212.0	0.12203389830508475	4.393220338983051	9.9900257e7	1.0e8	4.0	0.999	0.1	0.999
2.0	213.0	2.424778761061947	1705.4041297935103	9.9900257e7	1.0e8	4.0	0.999	0.1	0.999
2.0	214.0	25.360544217687075	151628.42857142858	9.9900257e7	1.0e8	4.0	0.999	0.1	0.999
2.0	215.0	10.729299363057326	35933.06050955414	9.9900257e7	1.0e8	4.0	0.999	0.1	0.999
2.0	216.0	0.5034965034965035	72.5034965034965	9.9900257e7	1.0e8	4.0	0.999	0.1	0.999
2.0	217.0	2.772893772893773	2099.0805860805863	9.9900257e7	1.0e8	4.0	0.999	0.1	0.999
2.0	218.0	3.8697318007662833	3389.8390804597702	9.9900257e7	1.0e8	4.0	0.999	0.1	0.999
2.0	219.0	0.5801526717557252	85.89312977099236	9.9900257e7	1.0e8	4.0	0.999	0.1	0.999
2.0	220.0	0.15053763440860216	6.028673835125448	9.9900257e7	1.0e8	4.0	0.999	0.1	0.999
2.0	222.0	2.2142857142857144	1175.126984126984	9.9900257e7	1.0e8	4.0	0.999	0.1	0.999
2.0	223.0	1.8501742160278745	914.3170731707318	9.9900257e7	1.0e8	4.0	0.999	0.1	0.999
2.0	224.0	6.302040816326531	9680.06530612245	9.9900257e7	1.0e8	4.0	0.999	0.1	0.999
2.0	225.0	0.02158273381294964	0.12949640287769784	9.9900257e7	1.0e8	4.0	0.999	0.1	0.999
2.0	226.0	0.48148148148148145	33.51851851851852	9.9900257e7	1.0e8	4.0	0.999	0.1	0.999
2.0	227.0	0.055762081784386616	0.30855018587360594	9.9900257e7	1.0e8	4.0	0.999	0.1	0.999
2.0	228.0	0.007751937984496124	0.015503875968992248	9.9900257e7	1.0e8	4.0	0.999	0.1	0.999
2.0	229.0	1.2510121457489878	326.7813765182186	9.9900257e7	1.0e8	4.0	0.999	0.1	0.999
2.0	230.0	0.3333333333333333	22.515151515151516	9.9900257e7	1.0e8	4.0	0.999	0.1	0.999
2.0	231.0	0.020242914979757085	0.05263157894736842	9.9900257e7	1.0e8	4.0	0.999	0.1	0.999
2.0	234.0	4.423076923076923	4525.072649572649	9.9900257e7	1.0e8	4.0	0.999	0.1	0.999
2.0	235.0	0.015873015873015872	0.023809523809523808	9.9900257e7	1.0e8	4.0	0.999	0.1	0.999
2.0	236.0	0.14418604651162792	4.469767441860465	9.9900257e7	1.0e8	4.0	0.999	0.1	0.999
2.0	237.0	0.0044444444444444444	0.0044444444444444444	9.9900257e7	1.0e8	4.0	0.999	0.1	0.999
2.0	239.0	3.406779661016949	2286.822033898305	9.9900257e7	1.0e8	4.0	0.999	0.1	0.999
2.0	240.0	1.0970873786407767	243.59223300970874	9.9900257e7	1.0e8	4.0	0.999	0.1	0.999
2.0	241.0	0.2927927927927928	16.833333333333332	9.9900257e7	1.0e8	4.0	0.999	0.1	0.999
2.0	242.0	3.63265306122449	2451.6020408163267	9.9900257e7	1.0e8	4.0	0.999	0.1	0.999
2.0	243.0	3.0863636363636364	1993.1863636363637	9.9900257e7	1.0e8	4.0	0.999	0.1	0.999
2.0	244.0	0.1902654867256637	8.18141592920354	9.9900257e7	1.0e8	4.0	0.999	0.1	0.999
2.0	247.0	0.02512562814070352	0.06532663316582915	9.9900257e7	1.0e8	4.0	0.999	0.1	0.999
2.0	248.0	0.18807339449541285	7.7110091743119265	9.9900257e7	1.0e8	4.0	0.999	0.1	0.999
2.0	249.0	0.7450980392156863	113.25490196078431	9.9900257e7	1.0e8	4.0	0.999	0.1	0.999
2.0	250.0	0.8596491228070176	83.41228070175438	9.9900257e7	1.0e8	4.0	0.999	0.1	0.999
2.0	254.0	1.2760416666666667	186.13020833333334	9.9900257e7	1.0e8	4.0	0.999	0.1	0.999
2.0	255.0	0.14606741573033707	3.5168539325842696	9.9900257e7	1.0e8	4.0	0.999	0.1	0.999
2.0	256.0	24.857894736842105	50248.44736842105	9.9900257e7	1.0e8	4.0	0.999	0.1	0.999
2.0	257.0	0.085	1.445	9.9900257e7	1.0e8	4.0	0.999	0.1	0.999
2.0	258.0	0.09803921568627451	0.738562091503268	9.9900257e7	1.0e8	4.0	0.999	0.1	0.999
2.0	261.0	0.034482758620689655	0.20689655172413793	9.9900257e7	1.0e8	4.0	0.999	0.1	0.999
2.0	262.0	0.017964071856287425	0.05389221556886228	9.9900257e7	1.0e8	4.0	0.999	0.1	0.999
2.0	263.0	0.006097560975609756	0.006097560975609756	9.9900257e7	1.0e8	4.0	0.999	0.1	0.999
2.0	264.0	1.803921568627451	497.88235294117646	9.9900257e7	1.0e8	4.0	0.999	0.1	0.999
2.0	265.0	5.098360655737705	3952.377049180328	9.9900257e7	1.0e8	4.0	0.999	0.1	0.999
2.0	267.0	0.21656050955414013	5.464968152866242	9.9900257e7	1.0e8	4.0	0.999	0.1	0.999
2.0	268.0	0.10909090909090909	1.1757575757575758	9.9900257e7	1.0e8	4.0	0.999	0.1	0.999
2.0	270.0	0.2468354430379747	3.107594936708861	9.9900257e7	1.0e8	4.0	0.999	0.1	0.999
2.0	271.0	0.9050279329608939	80.97206703910615	9.9900257e7	1.0e8	4.0	0.999	0.1	0.999
2.0	272.0	2.4285714285714284	1032.142857142857	9.9900257e7	1.0e8	4.0	0.999	0.1	0.999
2.0	273.0	0.14	2.94	9.9900257e7	1.0e8	4.0	0.999	0.1	0.999
2.0	276.0	3.8197674418604652	2509.5872093023254	9.9900257e7	1.0e8	4.0	0.999	0.1	0.999
2.0	278.0	5.471264367816092	4642.172413793103	9.9900257e7	1.0e8	4.0	0.999	0.1	0.999
2.0	284.0	0.020689655172413793	0.034482758620689655	9.9900257e7	1.0e8	4.0	0.999	0.1	0.999
2.0	285.0	0.2230769230769231	6.469230769230769	9.9900257e7	1.0e8	4.0	0.999	0.1	0.999
2.0	286.0	115.57792207792208	2.0560159285714286e6	9.9900257e7	1.0e8	4.0	0.999	0.1	0.999
2.0	287.0	0.16666666666666666	4.333333333333333	9.9900257e7	1.0e8	4.0	0.999	0.1	0.999
2.0	289.0	0.07236842105263158	0.6644736842105263	9.9900257e7	1.0e8	4.0	0.999	0.1	0.999
2.0	290.0	0.5112781954887218	34.766917293233085	9.9900257e7	1.0e8	4.0	0.999	0.1	0.999
2.0	291.0	3.3629032258064515	1402.3306451612902	9.9900257e7	1.0e8	4.0	0.999	0.1	0.999
2.0	292.0	10.45	8289.778571428571	9.9900257e7	1.0e8	4.0	0.999	0.1	0.999
2.0	294.0	0.006944444444444444	0.006944444444444444	9.9900257e7	1.0e8	4.0	0.999	0.1	0.999
2.0	295.0	7.7465753424657535	8761.376712328767	9.9900257e7	1.0e8	4.0	0.999	0.1	0.999
2.0	297.0	2.4609929078014185	715.0141843971631	9.9900257e7	1.0e8	4.0	0.999	0.1	0.999
2.0	298.0	1.186046511627907	163.48062015503876	9.9900257e7	1.0e8	4.0	0.999	0.1	0.999
2.0	304.0	14.840425531914894	20554.436170212764	9.9900257e7	1.0e8	4.0	0.999	0.1	0.999
2.0	305.0	1.5797101449275361	335.0289855072464	9.9900257e7	1.0e8	4.0	0.999	0.1	0.999
2.0	306.0	0.256	8.192	9.9900257e7	1.0e8	4.0	0.999	0.1	0.999
2.0	308.0	0.10784313725490197	1.1862745098039216	9.9900257e7	1.0e8	4.0	0.999	0.1	0.999
2.0	309.0	0.33653846153846156	11.778846153846153	9.9900257e7	1.0e8	4.0	0.999	0.1	0.999
2.0	310.0	1.40625	253.125	9.9900257e7	1.0e8	4.0	0.999	0.1	0.999
2.0	311.0	0.16901408450704225	4.056338028169014	9.9900257e7	1.0e8	4.0	0.999	0.1	0.999
2.0	314.0	0.48854961832061067	31.267175572519083	9.9900257e7	1.0e8	4.0	0.999	0.1	0.999
2.0	315.0	12.163636363636364	14819.527272727273	9.9900257e7	1.0e8	4.0	0.999	0.1	0.999
2.0	318.0	0.1941747572815534	3.883495145631068	9.9900257e7	1.0e8	4.0	0.999	0.1	0.999
2.0	322.0	4.543859649122807	2344.6491228070176	9.9900257e7	1.0e8	4.0	0.999	0.1	0.999
2.0	324.0	2.693877551020408	711.1836734693877	9.9900257e7	1.0e8	4.0	0.999	0.1	0.999
2.0	329.0	2.6288659793814433	624.5463917525773	9.9900257e7	1.0e8	4.0	0.999	0.1	0.999
2.0	332.0	37.329787234042556	85908.3085106383	9.9900257e7	1.0e8	4.0	0.999	0.1	0.999
2.0	335.0	1.290909090909091	113.0	9.9900257e7	1.0e8	4.0	0.999	0.1	0.999
2.0	336.0	0.12087912087912088	0.9340659340659341	9.9900257e7	1.0e8	4.0	0.999	0.1	0.999
2.0	339.0	0.07692307692307693	0.4065934065934066	9.9900257e7	1.0e8	4.0	0.999	0.1	0.999
2.0	340.0	0.05555555555555555	0.12222222222222222	9.9900257e7	1.0e8	4.0	0.999	0.1	0.999
2.0	344.0	23.06930693069307	53659.28712871287	9.9900257e7	1.0e8	4.0	0.999	0.1	0.999
2.0	345.0	14.441176470588236	10845.970588235294	9.9900257e7	1.0e8	4.0	0.999	0.1	0.999
2.0	349.0	0.0449438202247191	0.11235955056179775	9.9900257e7	1.0e8	4.0	0.999	0.1	0.999
2.0	350.0	0.6875	37.8125	9.9900257e7	1.0e8	4.0	0.999	0.1	0.999
2.0	351.0	0.1276595744680851	0.7659574468085106	9.9900257e7	1.0e8	4.0	0.999	0.1	0.999
2.0	352.0	0.14102564102564102	1.5512820512820513	9.9900257e7	1.0e8	4.0	0.999	0.1	0.999
2.0	357.0	0.14457831325301204	1.7349397590361446	9.9900257e7	1.0e8	4.0	0.999	0.1	0.999
2.0	359.0	0.29591836734693877	8.581632653061224	9.9900257e7	1.0e8	4.0	0.999	0.1	0.999
2.0	362.0	0.021505376344086023	0.043010752688172046	9.9900257e7	1.0e8	4.0	0.999	0.1	0.999
2.0	364.0	4.584269662921348	1090.0	9.9900257e7	1.0e8	4.0	0.999	0.1	0.999
2.0	366.0	41.07462686567164	113037.37313432836	9.9900257e7	1.0e8	4.0	0.999	0.1	0.999
2.0	374.0	0.0759493670886076	0.45569620253164556	9.9900257e7	1.0e8	4.0	0.999	0.1	0.999
2.0	375.0	0.3220338983050847	6.11864406779661	9.9900257e7	1.0e8	4.0	0.999	0.1	0.999
2.0	377.0	0.421875	11.390625	9.9900257e7	1.0e8	4.0	0.999	0.1	0.999
2.0	378.0	1.203125	92.640625	9.9900257e7	1.0e8	4.0	0.999	0.1	0.999
2.0	379.0	0.3181818181818182	6.681818181818182	9.9900257e7	1.0e8	4.0	0.999	0.1	0.999
2.0	381.0	1.2835820895522387	110.38805970149254	9.9900257e7	1.0e8	4.0	0.999	0.1	0.999
2.0	382.0	0.028985507246376812	0.057971014492753624	9.9900257e7	1.0e8	4.0	0.999	0.1	0.999
2.0	387.0	6.205128205128205	3003.2820512820513	9.9900257e7	1.0e8	4.0	0.999	0.1	0.999
2.0	394.0	0.10909090909090909	0.6545454545454545	9.9900257e7	1.0e8	4.0	0.999	0.1	0.999
2.0	403.0	0.05	0.15	9.9900257e7	1.0e8	4.0	0.999	0.1	0.999
2.0	404.0	52.03896103896104	200660.1168831169	9.9900257e7	1.0e8	4.0	0.999	0.1	0.999
2.0	408.0	0.016129032258064516	0.016129032258064516	9.9900257e7	1.0e8	4.0	0.999	0.1	0.999
2.0	411.0	4.551724137931035	1201.655172413793	9.9900257e7	1.0e8	4.0	0.999	0.1	0.999
2.0	416.0	0.034482758620689655	0.06896551724137931	9.9900257e7	1.0e8	4.0	0.999	0.1	0.999
2.0	425.0	0.01694915254237288	0.01694915254237288	9.9900257e7	1.0e8	4.0	0.999	0.1	0.999
2.0	428.0	88.51162790697674	336875.25581395347	9.9900257e7	1.0e8	4.0	0.999	0.1	0.999
2.0	429.0	3.1458333333333335	475.0208333333333	9.9900257e7	1.0e8	4.0	0.999	0.1	0.999
2.0	433.0	2.0943396226415096	205.0	9.9900257e7	1.0e8	4.0	0.999	0.1	0.999
2.0	440.0	10.195652173913043	4781.760869565217	9.9900257e7	1.0e8	4.0	0.999	0.1	0.999
2.0	442.0	0.19047619047619047	1.5238095238095237	9.9900257e7	1.0e8	4.0	0.999	0.1	0.999
2.0	446.0	1.8571428571428572	193.14285714285714	9.9900257e7	1.0e8	4.0	0.999	0.1	0.999
2.0	449.0	97.34545454545454	521187.56363636366	9.9900257e7	1.0e8	4.0	0.999	0.1	0.999
2.0	453.0	5.512195121951219	1245.7560975609756	9.9900257e7	1.0e8	4.0	0.999	0.1	0.999
2.0	455.0	16.282608695652176	12195.673913043478	9.9900257e7	1.0e8	4.0	0.999	0.1	0.999
2.0	461.0	0.4473684210526316	7.605263157894737	9.9900257e7	1.0e8	4.0	0.999	0.1	0.999
2.0	463.0	0.06666666666666667	0.2	9.9900257e7	1.0e8	4.0	0.999	0.1	0.999
2.0	464.0	0.21875	1.53125	9.9900257e7	1.0e8	4.0	0.999	0.1	0.999
2.0	467.0	3.660377358490566	710.1132075471698	9.9900257e7	1.0e8	4.0	0.999	0.1	0.999
2.0	468.0	1.4893617021276595	104.25531914893617	9.9900257e7	1.0e8	4.0	0.999	0.1	0.999
2.0	469.0	4.390243902439025	790.2439024390244	9.9900257e7	1.0e8	4.0	0.999	0.1	0.999
2.0	470.0	0.08333333333333333	0.25	9.9900257e7	1.0e8	4.0	0.999	0.1	0.999
2.0	479.0	0.05128205128205128	0.10256410256410256	9.9900257e7	1.0e8	4.0	0.999	0.1	0.999
2.0	483.0	12.763157894736842	6190.131578947368	9.9900257e7	1.0e8	4.0	0.999	0.1	0.999
2.0	488.0	12.86111111111111	5954.694444444444	9.9900257e7	1.0e8	4.0	0.999	0.1	0.999
2.0	491.0	0.02702702702702703	0.02702702702702703	9.9900257e7	1.0e8	4.0	0.999	0.1	0.999
2.0	492.0	12.782608695652174	7516.173913043478	9.9900257e7	1.0e8	4.0	0.999	0.1	0.999
2.0	495.0	0.1875	1.125	9.9900257e7	1.0e8	4.0	0.999	0.1	0.999
2.0	498.0	0.02702702702702703	0.02702702702702703	9.9900257e7	1.0e8	4.0	0.999	0.1	0.999
2.0	501.0	0.027777777777777776	0.027777777777777776	9.9900257e7	1.0e8	4.0	0.999	0.1	0.999
2.0	503.0	0.23076923076923078	1.3846153846153846	9.9900257e7	1.0e8	4.0	0.999	0.1	0.999
2.0	509.0	34.21052631578947	44473.68421052631	9.9900257e7	1.0e8	4.0	0.999	0.1	0.999
2.0	511.0	4.641025641025641	840.025641025641	9.9900257e7	1.0e8	4.0	0.999	0.1	0.999
2.0	517.0	0.9487179487179487	35.1025641025641	9.9900257e7	1.0e8	4.0	0.999	0.1	0.999
2.0	531.0	6.769230769230769	1191.3846153846155	9.9900257e7	1.0e8	4.0	0.999	0.1	0.999
2.0	540.0	0.9583333333333334	22.041666666666668	9.9900257e7	1.0e8	4.0	0.999	0.1	0.999
2.0	549.0	0.03333333333333333	0.03333333333333333	9.9900257e7	1.0e8	4.0	0.999	0.1	0.999
2.0	553.0	54.588235294117645	101206.64705882352	9.9900257e7	1.0e8	4.0	0.999	0.1	0.999
2.0	558.0	0.5714285714285714	6.857142857142857	9.9900257e7	1.0e8	4.0	0.999	0.1	0.999
2.0	575.0	1.2058823529411764	49.44117647058823	9.9900257e7	1.0e8	4.0	0.999	0.1	0.999
2.0	579.0	3.037037037037037	249.03703703703704	9.9900257e7	1.0e8	4.0	0.999	0.1	0.999
2.0	584.0	0.24	1.44	9.9900257e7	1.0e8	4.0	0.999	0.1	0.999
2.0	591.0	0.13636363636363635	0.4090909090909091	9.9900257e7	1.0e8	4.0	0.999	0.1	0.999
2.0	596.0	19.17391304347826	8455.695652173914	9.9900257e7	1.0e8	4.0	0.999	0.1	0.999
2.0	614.0	1.2	28.8	9.9900257e7	1.0e8	4.0	0.999	0.1	0.999
2.0	615.0	137.23333333333332	564989.6333333333	9.9900257e7	1.0e8	4.0	0.999	0.1	0.999
2.0	618.0	3.5555555555555554	227.55555555555554	9.9900257e7	1.0e8	4.0	0.999	0.1	0.999
2.0	625.0	2.388888888888889	102.72222222222223	9.9900257e7	1.0e8	4.0	0.999	0.1	0.999
2.0	629.0	6.0	468.0	9.9900257e7	1.0e8	4.0	0.999	0.1	0.999
2.0	634.0	5.703703703703703	878.3703703703703	9.9900257e7	1.0e8	4.0	0.999	0.1	0.999
2.0	636.0	0.058823529411764705	0.058823529411764705	9.9900257e7	1.0e8	4.0	0.999	0.1	0.999
2.0	657.0	146.71428571428572	452026.71428571426	9.9900257e7	1.0e8	4.0	0.999	0.1	0.999
2.0	658.0	147.20833333333334	520087.0416666667	9.9900257e7	1.0e8	4.0	0.999	0.1	0.999
2.0	662.0	1.1428571428571428	18.285714285714285	9.9900257e7	1.0e8	4.0	0.999	0.1	0.999
2.0	673.0	4.3	184.9	9.9900257e7	1.0e8	4.0	0.999	0.1	0.999
2.0	693.0	162.77777777777777	476938.8888888889	9.9900257e7	1.0e8	4.0	0.999	0.1	0.999
2.0	700.0	1.391304347826087	44.52173913043478	9.9900257e7	1.0e8	4.0	0.999	0.1	0.999
2.0	703.0	3.2857142857142856	151.14285714285714	9.9900257e7	1.0e8	4.0	0.999	0.1	0.999
2.0	708.0	1.1	12.1	9.9900257e7	1.0e8	4.0	0.999	0.1	0.999
2.0	712.0	1.8888888888888888	32.111111111111114	9.9900257e7	1.0e8	4.0	0.999	0.1	0.999
2.0	714.0	0.26666666666666666	1.0666666666666667	9.9900257e7	1.0e8	4.0	0.999	0.1	0.999
2.0	725.0	0.07692307692307693	0.07692307692307693	9.9900257e7	1.0e8	4.0	0.999	0.1	0.999
2.0	732.0	953.5333333333333	1.3638387266666668e7	9.9900257e7	1.0e8	4.0	0.999	0.1	0.999
2.0	739.0	220.5	486202.5	9.9900257e7	1.0e8	4.0	0.999	0.1	0.999
2.0	741.0	3.9411764705882355	264.05882352941177	9.9900257e7	1.0e8	4.0	0.999	0.1	0.999
2.0	746.0	1.0909090909090908	13.090909090909092	9.9900257e7	1.0e8	4.0	0.999	0.1	0.999
2.0	752.0	0.125	0.125	9.9900257e7	1.0e8	4.0	0.999	0.1	0.999
2.0	767.0	0.7857142857142857	8.642857142857142	9.9900257e7	1.0e8	4.0	0.999	0.1	0.999
2.0	784.0	0.23529411764705882	0.9411764705882353	9.9900257e7	1.0e8	4.0	0.999	0.1	0.999
2.0	788.0	1.2307692307692308	19.692307692307693	9.9900257e7	1.0e8	4.0	0.999	0.1	0.999
2.0	821.0	0.058823529411764705	0.058823529411764705	9.9900257e7	1.0e8	4.0	0.999	0.1	0.999
2.0	849.0	0.21428571428571427	0.6428571428571429	9.9900257e7	1.0e8	4.0	0.999	0.1	0.999
2.0	889.0	0.375	1.125	9.9900257e7	1.0e8	4.0	0.999	0.1	0.999
2.0	905.0	1.1428571428571428	9.142857142857142	9.9900257e7	1.0e8	4.0	0.999	0.1	0.999
2.0	912.0	1.375	15.125	9.9900257e7	1.0e8	4.0	0.999	0.1	0.999
2.0	938.0	49.666666666666664	29601.333333333332	9.9900257e7	1.0e8	4.0	0.999	0.1	0.999
2.0	939.0	0.5833333333333334	4.083333333333333	9.9900257e7	1.0e8	4.0	0.999	0.1	0.999
2.0	950.0	0.375	1.125	9.9900257e7	1.0e8	4.0	0.999	0.1	0.999
2.0	958.0	2.5	25.0	9.9900257e7	1.0e8	4.0	0.999	0.1	0.999
2.0	975.0	0.75	2.25	9.9900257e7	1.0e8	4.0	0.999	0.1	0.999
2.0	984.0	4.555555555555555	186.77777777777777	9.9900257e7	1.0e8	4.0	0.999	0.1	0.999
2.0	1011.0	1.6666666666666667	16.666666666666668	9.9900257e7	1.0e8	4.0	0.999	0.1	0.999
2.0	1037.0	166.85714285714286	194889.14285714287	9.9900257e7	1.0e8	4.0	0.999	0.1	0.999
2.0	1112.0	65.5	25741.5	9.9900257e7	1.0e8	4.0	0.999	0.1	0.999
2.0	1117.0	157.0	123245.0	9.9900257e7	1.0e8	4.0	0.999	0.1	0.999
2.0	1128.0	3.3333333333333335	100.0	9.9900257e7	1.0e8	4.0	0.999	0.1	0.999
2.0	1150.0	18.0	1620.0	9.9900257e7	1.0e8	4.0	0.999	0.1	0.999
2.0	1172.0	354.0	250632.0	9.9900257e7	1.0e8	4.0	0.999	0.1	0.999
2.0	1185.0	0.3333333333333333	0.6666666666666666	9.9900257e7	1.0e8	4.0	0.999	0.1	0.999
2.0	1196.0	0.5714285714285714	2.2857142857142856	9.9900257e7	1.0e8	4.0	0.999	0.1	0.999
2.0	1203.0	2.3636363636363638	61.45454545454545	9.9900257e7	1.0e8	4.0	0.999	0.1	0.999
2.0	1226.0	21.0	1323.0	9.9900257e7	1.0e8	4.0	0.999	0.1	0.999
2.0	1230.0	39.75	6320.25	9.9900257e7	1.0e8	4.0	0.999	0.1	0.999
2.0	1265.0	2981.0	2.6659083e7	9.9900257e7	1.0e8	4.0	0.999	0.1	0.999
2.0	1271.0	13.75	756.25	9.9900257e7	1.0e8	4.0	0.999	0.1	0.999
2.0	1285.0	465.75	867692.25	9.9900257e7	1.0e8	4.0	0.999	0.1	0.999
2.0	1311.0	7488.666666666667	3.364807706666667e8	9.9900257e7	1.0e8	4.0	0.999	0.1	0.999
2.0	1326.0	77.5	12012.5	9.9900257e7	1.0e8	4.0	0.999	0.1	0.999
2.0	1332.0	18.0	648.0	9.9900257e7	1.0e8	4.0	0.999	0.1	0.999
2.0	1363.0	12.6	793.8	9.9900257e7	1.0e8	4.0	0.999	0.1	0.999
2.0	1373.0	0.2	0.2	9.9900257e7	1.0e8	4.0	0.999	0.1	0.999
2.0	1400.0	26.5	1404.5	9.9900257e7	1.0e8	4.0	0.999	0.1	0.999
2.0	1426.0	969.5714285714286	6.580481285714285e6	9.9900257e7	1.0e8	4.0	0.999	0.1	0.999
2.0	1553.0	37.0	2738.0	9.9900257e7	1.0e8	4.0	0.999	0.1	0.999
2.0	1557.0	3950.6666666666665	4.6823301333333336e7	9.9900257e7	1.0e8	4.0	0.999	0.1	0.999
2.0	1601.0	380.0	433200.0	9.9900257e7	1.0e8	4.0	0.999	0.1	0.999
2.0	1646.0	1714.6666666666667	8.820245333333334e6	9.9900257e7	1.0e8	4.0	0.999	0.1	0.999
2.0	1862.0	121.5	29524.5	9.9900257e7	1.0e8	4.0	0.999	0.1	0.999
2.0	1884.0	432.6	935713.8	9.9900257e7	1.0e8	4.0	0.999	0.1	0.999
2.0	1968.0	57.5	6612.5	9.9900257e7	1.0e8	4.0	0.999	0.1	0.999
2.0	2060.0	9.0	162.0	9.9900257e7	1.0e8	4.0	0.999	0.1	0.999
2.0	2192.0	28.5	1624.5	9.9900257e7	1.0e8	4.0	0.999	0.1	0.999
2.0	2571.0	10.333333333333334	320.3333333333333	9.9900257e7	1.0e8	4.0	0.999	0.1	0.999
2.0	2807.0	1.5	4.5	9.9900257e7	1.0e8	4.0	0.999	0.1	0.999
2.0	2809.0	1.0	2.0	9.9900257e7	1.0e8	4.0	0.999	0.1	0.999
